-4.864065e+01
-5.633431e+01
-6.559968e+01
-7.683505e+01
-9.056041e+01
-1.074615e+02
-1.284523e+02
-1.547646e+02
-1.880791e+02
-2.307193e+02
-2.859416e+02
-3.583792e+02
-4.547289e+02
-5.848346e+02
-7.634208e+02
-1.012911e+03
-1.368054e+03
-1.883557e+03
-2.646496e+03
-3.795531e+03
-5.546421e+03
-8.209094e+03
-1.212820e+04
-1.733522e+04
-2.253955e+04
-2.380796e+04
-1.613540e+04
1.806527e-12
1.613540e+04
2.380796e+04
2.253955e+04
1.733522e+04
1.212820e+04
8.209094e+03
5.546421e+03
3.795531e+03
2.646496e+03
1.883557e+03
1.368054e+03
1.012911e+03
7.634208e+02
5.848346e+02
4.547289e+02
3.583792e+02
2.859416e+02
2.307193e+02
1.880791e+02
1.547646e+02
1.284523e+02
1.074615e+02
9.056041e+01
7.683505e+01
6.559968e+01
5.633431e+01
4.864065e+01
