-4.992308e+01
-5.793660e+01
-6.761854e+01
-7.940195e+01
-9.385627e+01
-1.117385e+02
-1.340667e+02
-1.622277e+02
-1.981369e+02
-2.444794e+02
-3.050816e+02
-3.854953e+02
-4.939355e+02
-6.428245e+02
-8.514026e+02
-1.150269e+03
-1.589534e+03
-2.253943e+03
-3.291947e+03
-4.973499e+03
-7.808369e+03
-1.279099e+04
-2.188530e+04
-3.876769e+04
-6.845067e+04
-1.069450e+05
-1.052943e+05
1.742418e-12
1.052943e+05
1.069450e+05
6.845067e+04
3.876769e+04
2.188530e+04
1.279099e+04
7.808369e+03
4.973499e+03
3.291947e+03
2.253943e+03
1.589534e+03
1.150269e+03
8.514026e+02
6.428245e+02
4.939355e+02
3.854953e+02
3.050816e+02
2.444794e+02
1.981369e+02
1.622277e+02
1.340667e+02
1.117385e+02
9.385627e+01
7.940195e+01
6.761854e+01
5.793660e+01
4.992308e+01
