-4.981441e+01
-5.780065e+01
-6.744699e+01
-7.918347e+01
-9.357522e+01
-1.113730e+02
-1.335857e+02
-1.615866e+02
-1.972701e+02
-2.432890e+02
-3.034185e+02
-3.831266e+02
-4.904888e+02
-6.376871e+02
-8.435339e+02
-1.137838e+03
-1.569187e+03
-2.219249e+03
-3.229919e+03
-4.856310e+03
-7.572281e+03
-1.227893e+04
-2.068061e+04
-3.570320e+04
-6.035251e+04
-8.780149e+04
-7.898620e+04
3.744044e-12
7.898620e+04
8.780149e+04
6.035251e+04
3.570320e+04
2.068061e+04
1.227893e+04
7.572281e+03
4.856310e+03
3.229919e+03
2.219249e+03
1.569187e+03
1.137838e+03
8.435339e+02
6.376871e+02
4.904888e+02
3.831266e+02
3.034185e+02
2.432890e+02
1.972701e+02
1.615866e+02
1.335857e+02
1.113730e+02
9.357522e+01
7.918347e+01
6.744699e+01
5.780065e+01
4.981441e+01
