-4.946888e+01
-5.736859e+01
-6.690212e+01
-7.848999e+01
-9.268378e+01
-1.102147e+02
-1.320630e+02
-1.595590e+02
-1.945321e+02
-2.395345e+02
-2.981819e+02
-3.756839e+02
-4.796861e+02
-6.216343e+02
-8.190392e+02
-1.099324e+03
-1.506528e+03
-2.113255e+03
-3.042424e+03
-4.507242e+03
-6.883649e+03
-1.083121e+04
-1.743577e+04
-2.807247e+04
-4.263591e+04
-5.348148e+04
-4.147628e+04
1.505828e-11
4.147628e+04
5.348148e+04
4.263591e+04
2.807247e+04
1.743577e+04
1.083121e+04
6.883649e+03
4.507242e+03
3.042424e+03
2.113255e+03
1.506528e+03
1.099324e+03
8.190392e+02
6.216343e+02
4.796861e+02
3.756839e+02
2.981819e+02
2.395345e+02
1.945321e+02
1.595590e+02
1.320630e+02
1.102147e+02
9.268378e+01
7.848999e+01
6.690212e+01
5.736859e+01
4.946888e+01
