-4.789332e+01
-5.540271e+01
-6.442888e+01
-7.535067e+01
-8.866068e+01
-1.050054e+02
-1.252416e+02
-1.505174e+02
-1.823875e+02
-2.229835e+02
-2.752642e+02
-3.433905e+02
-4.332947e+02
-5.535524e+02
-7.167324e+02
-9.414951e+02
-1.255843e+03
-1.702055e+03
-2.343751e+03
-3.274557e+03
-4.623702e+03
-6.540833e+03
-9.109738e+03
-1.209103e+04
-1.444200e+04
-1.406341e+04
-9.001278e+03
-4.788655e-12
9.001278e+03
1.406341e+04
1.444200e+04
1.209103e+04
9.109738e+03
6.540833e+03
4.623702e+03
3.274557e+03
2.343751e+03
1.702055e+03
1.255843e+03
9.414951e+02
7.167324e+02
5.535524e+02
4.332947e+02
3.433905e+02
2.752642e+02
2.229835e+02
1.823875e+02
1.505174e+02
1.252416e+02
1.050054e+02
8.866068e+01
7.535067e+01
6.442888e+01
5.540271e+01
4.789332e+01
