-4.923328e+01
-5.707418e+01
-6.653111e+01
-7.801817e+01
-9.207785e+01
-1.094282e+02
-1.310302e+02
-1.581857e+02
-1.926808e+02
-2.370007e+02
-2.946556e+02
-3.706854e+02
-4.724541e+02
-6.109293e+02
-8.027829e+02
-1.073918e+03
-1.465511e+03
-2.044563e+03
-2.922527e+03
-4.288082e+03
-6.462373e+03
-9.978579e+03
-1.563174e+04
-2.419350e+04
-3.478723e+04
-4.088903e+04
-3.003831e+04
2.320553e-13
3.003831e+04
4.088903e+04
3.478723e+04
2.419350e+04
1.563174e+04
9.978579e+03
6.462373e+03
4.288082e+03
2.922527e+03
2.044563e+03
1.465511e+03
1.073918e+03
8.027829e+02
6.109293e+02
4.724541e+02
3.706854e+02
2.946556e+02
2.370007e+02
1.926808e+02
1.581857e+02
1.310302e+02
1.094282e+02
9.207785e+01
7.801817e+01
6.653111e+01
5.707418e+01
4.923328e+01
