-4.828571e+01
-5.589166e+01
-6.504310e+01
-7.612901e+01
-8.965625e+01
-1.062917e+02
-1.269219e+02
-1.527382e+02
-1.853606e+02
-2.270198e+02
-2.808278e+02
-3.511882e+02
-4.444243e+02
-5.697580e+02
-7.408507e+02
-9.782580e+02
-1.313353e+03
-1.794556e+03
-2.496922e+03
-3.535620e+03
-5.080178e+03
-7.351943e+03
-1.054354e+04
-1.450804e+04
-1.804372e+04
-1.825027e+04
-1.199353e+04
7.766219e-13
1.199353e+04
1.825027e+04
1.804372e+04
1.450804e+04
1.054354e+04
7.351943e+03
5.080178e+03
3.535620e+03
2.496922e+03
1.794556e+03
1.313353e+03
9.782580e+02
7.408507e+02
5.697580e+02
4.444243e+02
3.511882e+02
2.808278e+02
2.270198e+02
1.853606e+02
1.527382e+02
1.269219e+02
1.062917e+02
8.965625e+01
7.612901e+01
6.504310e+01
5.589166e+01
4.828571e+01
