-4.966282e+01
-5.761106e+01
-6.720784e+01
-7.887901e+01
-9.318374e+01
-1.108641e+02
-1.329165e+02
-1.606951e+02
-1.960656e+02
-2.416363e+02
-3.011116e+02
-3.798450e+02
-4.857206e+02
-6.305924e+02
-8.326908e+02
-1.120755e+03
-1.541322e+03
-2.171956e+03
-3.145888e+03
-4.698907e+03
-7.259064e+03
-1.161205e+04
-1.915684e+04
-3.201060e+04
-5.137340e+04
-6.927068e+04
-5.744842e+04
1.707221e-11
5.744842e+04
6.927068e+04
5.137340e+04
3.201060e+04
1.915684e+04
1.161205e+04
7.259064e+03
4.698907e+03
3.145888e+03
2.171956e+03
1.541322e+03
1.120755e+03
8.326908e+02
6.305924e+02
4.857206e+02
3.798450e+02
3.011116e+02
2.416363e+02
1.960656e+02
1.606951e+02
1.329165e+02
1.108641e+02
9.318374e+01
7.887901e+01
6.720784e+01
5.761106e+01
4.966282e+01
