-4.895687e+01
-5.672898e+01
-6.609636e+01
-7.746570e+01
-9.136891e+01
-1.085088e+02
-1.298243e+02
-1.565842e+02
-1.905248e+02
-2.340546e+02
-2.905638e+02
-3.648985e+02
-4.641049e+02
-5.986125e+02
-7.841570e+02
-1.044959e+03
-1.419068e+03
-1.967447e+03
-2.789444e+03
-4.048519e+03
-6.011568e+03
-9.093392e+03
-1.383933e+04
-2.057738e+04
-2.808417e+04
-3.117796e+04
-2.191626e+04
-3.249424e-12
2.191626e+04
3.117796e+04
2.808417e+04
2.057738e+04
1.383933e+04
9.093392e+03
6.011568e+03
4.048519e+03
2.789444e+03
1.967447e+03
1.419068e+03
1.044959e+03
7.841570e+02
5.986125e+02
4.641049e+02
3.648985e+02
2.905638e+02
2.340546e+02
1.905248e+02
1.565842e+02
1.298243e+02
1.085088e+02
9.136891e+01
7.746570e+01
6.609636e+01
5.672898e+01
4.895687e+01
