1.000000e+00
9.276414e-01
7.793731e-01
6.265457e-01
4.739772e-01
3.259163e-01
1.859895e-01
5.717198e-02
-5.821956e-02
-1.585154e-01
-2.426639e-01
-3.101890e-01
-3.611365e-01
-3.960117e-01
-4.157116e-01
-4.214543e-01
-4.147071e-01
-3.971165e-01
-3.704410e-01
-3.364885e-01
-2.970605e-01
-2.539013e-01
-2.086569e-01
-1.628393e-01
-1.178005e-01
-7.471268e-02
-3.455664e-02
1.883486e-03
3.401925e-02
6.145160e-02
8.395994e-02
1.014875e-01
1.141238e-01
1.220852e-01
1.256938e-01
1.253562e-01
1.215424e-01
1.147648e-01
1.055594e-01
9.446747e-02
8.202031e-02
6.872510e-02
5.505363e-02
4.143324e-02
2.823996e-02
1.579395e-02
4.357101e-03
-5.867592e-03
-1.473479e-02
-2.215420e-02
-2.808665e-02
-3.253925e-02
-3.555978e-02
-3.723061e-02
-3.766235e-02
-3.698747e-02
-3.535400e-02
-3.291959e-02
-2.984597e-02
-2.629391e-02
-2.241885e-02
-1.836716e-02
-1.427307e-02
-1.025635e-02
-6.420625e-03
-2.852352e-03
3.795993e-04
3.223827e-03
5.645801e-03
7.626860e-03
9.162887e-03
1.026273e-02
1.094642e-02
1.124336e-02
1.119032e-02
1.082964e-02
1.020731e-02
9.371327e-03
8.370055e-03
7.250863e-03
6.058895e-03
4.836072e-03
3.620288e-03
2.444820e-03
1.337929e-03
3.226590e-04
-5.832070e-04
-1.367028e-03
-2.021060e-03
-2.542104e-03
-2.931062e-03
-3.192437e-03
-3.333784e-03
-3.365143e-03
-3.298466e-03
-3.147061e-03
-2.925061e-03
-2.646927e-03
-2.327010e-03
-1.979156e-03
-1.616381e-03
-1.250599e-03
-8.924198e-04
-5.510019e-04
-2.339648e-04
5.264463e-05
3.043384e-04
5.181314e-04
6.924495e-04
8.270097e-04
9.226766e-04
9.813052e-04
1.005572e-03
9.988065e-04
9.648181e-04
9.077365e-04
8.318569e-04
7.415006e-04
6.408906e-04
5.340450e-04
4.246877e-04
3.161788e-04
2.114624e-04
1.130329e-04
2.291737e-05
-5.732698e-05
-1.266013e-04
-1.842427e-04
-2.299919e-04
-2.639532e-04
-2.865494e-04
-2.984730e-04
-3.006346e-04
-2.941126e-04
-2.801031e-04
-2.598724e-04
-2.347139e-04
-2.059080e-04
-1.746882e-04
-1.422117e-04
-1.095358e-04
-7.760037e-05
-4.721455e-05
-1.904974e-05
6.363290e-06
2.863288e-05
4.750121e-05
6.283595e-05
7.461931e-05
8.293515e-05
8.795482e-05
8.992210e-05
8.913797e-05
8.594541e-05
8.071495e-05
7.383107e-05
6.567971e-05
5.663738e-05
4.706161e-05
3.728321e-05
2.760004e-05
1.827257e-05
9.520898e-06
1.523277e-06
-5.583968e-06
-1.170539e-05
-1.678434e-05
-2.079999e-05
-2.376379e-05
-2.571533e-05
-2.671798e-05
-2.685434e-05
-2.622165e-05
-2.492738e-05
-2.308501e-05
-2.081017e-05
-1.821711e-05
-1.541568e-05
-1.250876e-05
-9.590181e-06
-6.743158e-06
-4.039188e-06
-1.537414e-06
7.155912e-07
2.685665e-06
4.350567e-06
5.699208e-06
6.730664e-06
7.453014e-06
7.882064e-06
8.040001e-06
7.954025e-06
7.655007e-06
7.176188e-06
6.551975e-06
5.816837e-06
5.004334e-06
4.146278e-06
3.272049e-06
2.408052e-06
1.577324e-06
7.992824e-07
8.959984e-08
-5.397957e-07
-1.080620e-06
-1.528039e-06
-1.880402e-06
-2.138918e-06
-2.307285e-06
-2.391300e-06
-2.398448e-06
-2.337497e-06
-2.218101e-06
-2.050427e-06
-1.844812e-06
-1.611447e-06
-1.360116e-06
-1.099963e-06
-8.393134e-07
-5.855356e-07
-3.449449e-07
-1.227502e-07
7.696317e-08
2.512172e-07
3.980952e-07
5.166720e-07
6.069239e-07
6.696246e-07
7.062300e-07
7.187581e-07
7.096666e-07
6.817330e-07
6.379390e-07
5.813633e-07
5.150838e-07
4.420915e-07
3.652167e-07
2.870684e-07
2.099869e-07
1.360094e-07
6.684857e-08
3.882062e-09
-5.184691e-08
-9.961982e-08
-1.390251e-07
-1.699339e-07
-1.924706e-07
-2.069801e-07
-2.139918e-07
-2.141840e-07
-2.083469e-07
-1.973477e-07
-1.820970e-07
-1.635187e-07
-1.425220e-07
-1.199780e-07
-9.669936e-08
-7.342472e-08
-5.080635e-08
-2.940202e-08
-9.670377e-09
8.030349e-09
2.344069e-08
3.639567e-08
4.681844e-08
5.471213e-08
6.015042e-08
6.326728e-08
6.424613e-08
6.330897e-08
6.070563e-08
5.670351e-08
5.157805e-08
4.560406e-08
3.904809e-08
3.216189e-08
2.517712e-08
1.830118e-08
1.171420e-08
5.567206e-09
-1.874189e-11
-4.952442e-09
-9.171625e-09
-1.264133e-08
-1.535168e-08
-1.731527e-08
-1.856415e-08
-1.914668e-08
-1.912428e-08
-1.856813e-08
-1.755613e-08
-1.616982e-08
-1.449178e-08
-1.260308e-08
-1.058128e-08
-8.498617e-09
-6.420592e-09
-4.404946e-09
-2.500930e-09
-7.489201e-10
8.196839e-10
2.182288e-09
3.324711e-09
4.240603e-09
4.930707e-09
5.402012e-09
5.666827e-09
5.741818e-09
5.647027e-09
5.404923e-09
5.039483e-09
4.575345e-09
4.037041e-09
3.448322e-09
2.831580e-09
2.207381e-09
1.594103e-09
1.007669e-09
4.613949e-10
-3.408438e-11
-4.707993e-10
-8.433581e-10
-1.148798e-09
-1.386382e-09
-1.557366e-09
-1.664724e-09
-1.712868e-09
-1.707358e-09
-1.654606e-09
-1.561606e-09
-1.435659e-09
-1.284144e-09
-1.114292e-09
-9.330061e-10
-7.467046e-10
-5.611976e-10
-3.815950e-10
-2.122450e-10
-5.670083e-11
8.228590e-11
2.027491e-10
3.034714e-10
3.839313e-10
4.442364e-10
4.850467e-10
5.074923e-10
5.130863e-10
5.036380e-10
4.811673e-10
4.478237e-10
4.058110e-10
3.573189e-10
3.044633e-10
2.492357e-10
1.934616e-10
1.387691e-10
8.656586e-11
3.802547e-11
-5.918073e-12
-4.456867e-11
-7.745988e-11
-1.043412e-10
-1.251600e-10
-1.400396e-10
-1.492558e-10
-1.532107e-10
-1.524074e-10
-1.474234e-10
-1.388864e-10
-1.274503e-10
-1.137741e-10
-9.850268e-11
-8.225045e-11
-6.558764e-11
-4.902949e-11
-3.302815e-11
-1.796742e-11
-4.159960e-12
8.153232e-12
1.880116e-11
2.767949e-11
3.474569e-11
4.001301e-11
4.354360e-11
4.544107e-11
4.584275e-11
4.491188e-11
4.283005e-11
3.978993e-11
3.598858e-11
3.162142e-11
2.687696e-11
2.193226e-11
1.694937e-11
1.207249e-11
7.426031e-12
3.113414e-12
-7.833591e-13
-4.203520e-12
-7.106755e-12
-9.471953e-12
-1.129555e-11
-1.258960e-11
-1.337960e-11
-1.370218e-11
-1.360285e-11
-1.313361e-11
-1.235077e-11
-1.131289e-11
-1.007883e-11
-8.706084e-12
-7.249332e-12
-5.759232e-12
-4.281464e-12
-2.856034e-12
-1.516814e-12
-2.913027e-13
7.993956e-13
1.740421e-12
2.522844e-12
3.143227e-12
3.603075e-12
3.908223e-12
4.068160e-12
4.095345e-12
4.004502e-12
3.811950e-12
3.534956e-12
3.191140e-12
2.797941e-12
2.372148e-12
1.929505e-12
1.484392e-12
1.049581e-12
6.360643e-13
2.529546e-13
-9.255129e-14
-3.951507e-13
-6.513632e-13
-8.594152e-13
-1.019091e-12
-1.131556e-12
-1.199165e-12
-1.225254e-12
-1.213937e-12
-1.169895e-12
-1.098182e-12
-1.004036e-12
-8.927159e-13
-7.693471e-13
-6.387954e-13
-5.055601e-13
-3.736909e-13
-2.467269e-13
-1.276564e-13
-1.889789e-14
7.770156e-14
1.608514e-13
2.297889e-13
2.842388e-13
3.243643e-13
3.507114e-13
3.641488e-13
3.658056e-13
3.570100e-13
3.392281e-13
3.140071e-13
2.829222e-13
2.475293e-13
2.093238e-13
1.697052e-13
1.299495e-13
9.118769e-14
5.439090e-14
2.036185e-14
-1.026804e-14
-3.703631e-14
-5.964278e-14
-7.793901e-14
-9.191476e-14
-1.016822e-13
-1.074582e-13
-1.095467e-13
-1.083193e-13
-1.041971e-13
-9.763372e-14
-8.909788e-14
-7.905915e-14
-6.797441e-14
-5.627658e-14
-4.436525e-14
-3.259940e-14
-2.129203e-14
-1.070677e-14
-1.056232e-15
7.497983e-15
1.484388e-14
2.091641e-14
2.569385e-14
2.919329e-14
3.146572e-14
3.259055e-14
3.267012e-14
3.182417e-14
3.018440e-14
2.788940e-14
2.508000e-14
2.189500e-14
1.846754e-14
1.492204e-14
1.137171e-14
7.916677e-15
4.642722e-15
1.620538e-15
-1.094491e-15
-3.462058e-15
-5.456302e-15
-7.064849e-15
-8.287589e-15
-9.135240e-15
-9.627793e-15
-9.792864e-15
-9.664031e-15
-9.279198e-15
-8.679025e-15
-7.905469e-15
-7.000453e-15
-6.004696e-15
-4.956712e-15
-3.891985e-15
-2.842330e-15
-1.835425e-15
-8.945227e-16
-3.830965e-17
7.190819e-16
1.367940e-15
1.902731e-15
2.321764e-15
2.626793e-15
2.822564e-15
2.916334e-15
2.917374e-15
2.836474e-15
2.685463e-15
2.476755e-15
2.222937e-15
1.936388e-15
1.628965e-15
1.311725e-15
9.947095e-16
6.867840e-16
3.955235e-16
1.271523e-16
-1.134736e-16
-3.228428e-16
-4.987304e-16
-6.401097e-16
-7.470419e-16
-8.205471e-16
-8.624637e-16
-8.753018e-16
-8.620938e-16
-8.262490e-16
-7.714139e-16
-7.013418e-16
-6.197758e-16
-5.303444e-16
-4.364734e-16
-3.413134e-16
-2.476836e-16
-1.580314e-16
-7.440703e-17
1.547526e-18
6.859693e-17
1.258997e-16
1.729860e-16
2.097272e-16
2.362998e-16
2.531451e-16
2.609254e-16
2.604802e-16
2.527817e-16
2.388921e-16
2.199231e-16
1.969995e-16
1.712254e-16
1.436564e-16
1.152750e-16
8.697203e-17
5.953201e-17
3.362387e-17
9.795484e-18
-1.152752e-17
-3.003944e-17
-4.554908e-17
-5.797173e-17
-6.731918e-17
-7.368805e-17
-7.724724e-17
-7.822475e-17
-7.689436e-17
-7.356266e-17
-6.855658e-17
-6.221188e-17
-5.486267e-17
-4.683225e-17
-3.842533e-17
-2.992161e-17
-2.157087e-17
-1.358946e-17
-6.158132e-18
5.788758e-19
6.513630e-18
1.157329e-17
1.571805e-17
1.893842e-17
2.125192e-17
2.269949e-17
2.334155e-17
2.325408e-17
2.252464e-17
2.124860e-17
1.952551e-17
1.745585e-17
1.513811e-17
1.266623e-17
1.012752e-17
7.600971e-18
5.156030e-18
2.851741e-18
7.363198e-19
-1.152942e-18
-2.789446e-18
-4.156785e-18
-5.248015e-18
-6.064747e-18
-6.616102e-18
-6.917577e-18
-6.989873e-18
-6.857700e-18
-6.548622e-18
-6.091945e-18
-5.517699e-18
-4.855705e-18
-4.134766e-18
-3.381980e-18
-2.622174e-18
-1.877476e-18
-1.167008e-18
-5.067030e-19
9.077398e-20
6.159965e-19
1.062664e-18
1.427416e-18
1.709579e-18
1.910876e-18
2.035096e-18
2.087747e-18
2.075705e-18
2.006853e-18
1.889751e-18
1.733313e-18
1.546516e-18
1.338140e-18
1.116546e-18
8.894928e-19
6.639839e-19
4.461637e-19
2.412442e-19
5.346723e-20
-1.139010e-19
-2.585477e-19
-3.790671e-19
-4.748943e-19
-5.462225e-19
-5.939097e-19
-6.193767e-19
-6.245018e-19
-6.115146e-19
-5.828924e-19
-5.412622e-19
-4.893091e-19
-4.296946e-19
-3.649845e-19
-2.975882e-19
-2.297090e-19
-1.633072e-19
-1.000726e-19
-4.140911e-20
1.157135e-20
5.804597e-20
9.747038e-20
1.295615e-19
1.542749e-19
1.717782e-19
1.824218e-19
1.867075e-19
1.852569e-19
1.787799e-19
1.680447e-19
1.538491e-19
1.369949e-19
1.182651e-19
9.840375e-20
7.809987e-20
5.797453e-20
3.857134e-20
2.035020e-20
3.684229e-21
-1.114062e-20
-2.392339e-20
-3.454383e-20
-4.295637e-20
-4.918267e-20
-5.330320e-20
-5.544807e-20
-5.578762e-20
-5.452298e-20
-5.187677e-20
-4.808439e-20
-4.338593e-20
-3.801887e-20
-3.221174e-20
-2.617875e-20
-2.011544e-20
-1.419541e-20
-8.567959e-21
-3.356782e-21
1.340540e-21
5.452221e-21
8.931275e-21
1.175394e-20
1.391764e-20
1.543857e-20
1.634907e-20
1.669482e-20
1.653202e-20
1.592457e-20
1.494138e-20
1.365386e-20
1.213363e-20
1.045048e-20
8.670619e-21
6.855244e-21
5.059414e-21
3.331213e-21
1.711220e-21
2.322418e-22
-1.080694e-21
-2.210140e-21
-3.145826e-21
-3.884119e-21
-4.427342e-21
-4.783020e-21
-4.963058e-21
-4.982900e-21
-4.860680e-21
-4.616400e-21
-4.271152e-21
-3.846398e-21
-3.363327e-21
-2.842292e-21
-2.302333e-21
-1.760802e-21
-1.233070e-21
-7.323279e-22
-2.694697e-22
1.469435e-22
5.106519e-22
8.176044e-22
1.065814e-21
1.255174e-21
1.387238e-21
1.464989e-21
1.492583e-21
1.475097e-21
1.418281e-21
1.328318e-21
1.211598e-21
1.074516e-21
9.232926e-22
7.638185e-22
6.015289e-22
4.413038e-22
2.873959e-22
1.433846e-22
1.215404e-23
-1.041065e-22
-2.038830e-22
-2.863004e-22
-3.510726e-22
-3.984418e-22
-4.291098e-22
-4.441653e-22
-4.450073e-22
-4.332708e-22
-4.107523e-22
-3.793414e-22
-3.409565e-22
-2.974877e-22
-2.507474e-22
-2.024280e-22
-1.540690e-22
-1.070312e-22
-6.247958e-23
-2.137366e-23
1.553580e-23
4.770326e-23
7.477983e-23
9.660010e-23
1.131654e-22
1.246242e-22
1.312509e-22
1.334235e-22
1.316008e-22
1.262999e-22
1.180753e-22
1.074988e-22
9.514149e-23
8.155762e-23
6.727130e-23
5.276513e-23
3.847161e-23
2.476678e-23
1.196633e-23
3.237273e-25
-9.969591e-24
-1.878237e-23
-2.604019e-23
-3.172091e-23
-3.584924e-23
-3.849049e-23
-3.974411e-23
-3.973683e-23
-3.861596e-23
-3.654286e-23
-3.368678e-23
-3.021916e-23
-2.630861e-23
-2.211648e-23
-1.779318e-23
-1.347527e-23
-9.283222e-24
-5.319915e-24
-1.669815e-24
1.601253e-24
4.445771e-24
6.833731e-24
8.751429e-24
1.019995e-23
1.119341e-23
1.175703e-23
1.192517e-23
1.173924e-23
1.124577e-23
1.049449e-23
9.536535e-24
8.422892e-24
7.202956e-24
5.923343e-24
4.626902e-24
3.351956e-24
2.131753e-24
9.941279e-25
-3.864962e-26
-9.498472e-25
-1.728095e-24
-2.367078e-24
-2.865124e-24
-3.224709e-24
-3.451902e-24
-3.555778e-24
-3.547812e-24
-3.441275e-24
-3.250657e-24
-2.991112e-24
-2.677961e-24
-2.326243e-24
-1.950319e-24
-1.563558e-24
-1.178070e-24
-8.045179e-25
-4.519861e-25
-1.279086e-25
1.619454e-25
4.134398e-25
6.239969e-25
7.924877e-25
9.190947e-25
1.005154e-24
1.052982e-24
1.065699e-24
1.047045e-24
1.001202e-24
9.326284e-25
8.458996e-25
7.455660e-25
6.360289e-25
5.214339e-25
4.055851e-25
2.918778e-25
1.832511e-25
8.215872e-26
-9.443210e-27
-9.009294e-26
-1.588064e-25
-2.150492e-25
-2.586989e-25
-2.900006e-25
-3.095171e-25
-3.180761e-25
-3.167159e-25
-3.066319e-25
-2.891249e-25
-2.655518e-25
-2.372816e-25
-2.056550e-25
-1.719507e-25
-1.373563e-25
-1.029458e-25
-6.966296e-26
-3.830955e-26
-9.539788e-27
1.614090e-26
3.837271e-26
5.693451e-26
7.173392e-26
8.279486e-26
9.024328e-26
9.429177e-26
9.522347e-26
9.337589e-26
8.912511e-26
8.287072e-26
7.502190e-26
6.598480e-26
5.615150e-26
4.589068e-26
3.553999e-26
2.540020e-26
1.573107e-26
6.748879e-27
-1.374622e-27
-8.511789e-27
-1.457753e-26
-1.952674e-26
-2.335089e-26
-2.607397e-26
-2.774810e-26
-2.844870e-26
-2.826970e-26
-2.731875e-26
-2.571259e-26
-2.357270e-26
-2.102137e-26
-1.817815e-26
-1.515685e-26
-1.206296e-26
-8.991735e-27
-6.026658e-27
-3.238502e-27
-6.848192e-28
1.590127e-27
3.555055e-27
5.191029e-27
6.490546e-27
7.456417e-27
8.100479e-27
8.442217e-27
8.507318e-27
8.326233e-27
7.932763e-27
7.362722e-27
6.652699e-27
5.838937e-27
4.956364e-27
4.037758e-27
3.113088e-27
2.208992e-27
1.348427e-27
5.504486e-28
-1.698660e-28
-8.013763e-28
-1.336732e-27
-1.772138e-27
-2.107044e-27
-2.343783e-27
-2.487169e-27
-2.544072e-27
-2.522987e-27
-2.433604e-27
-2.286398e-27
-2.092243e-27
-1.862064e-27
-1.606517e-27
-1.335730e-27
-1.059075e-27
-7.849962e-28
-5.208787e-28
-2.729681e-28
-4.632616e-29
1.551723e-28
3.288097e-28
4.729670e-28
5.870406e-28
6.713413e-28
7.269785e-28
7.557359e-28
7.599433e-28
7.423469e-28
7.059841e-28
6.540642e-28
5.898584e-28
5.166008e-28
4.374020e-28
3.551764e-28
2.725831e-28
1.919814e-28
1.153995e-28
4.451607e-29
-1.934572e-29
-7.521409e-29
-1.224548e-28
-1.607495e-28
-1.900681e-28
-2.106355e-28
-2.228958e-28
-2.274746e-28
-2.251395e-28
-2.167627e-28
-2.032841e-28
-1.856769e-28
-1.649165e-28
-1.419532e-28
-1.176879e-28
-9.295304e-29
-6.849716e-29
-4.497355e-29
-2.293319e-29
-2.821144e-30
1.502352e-29
3.036487e-29
4.306472e-29
5.307509e-29
6.042903e-29
6.523021e-29
6.764182e-29
6.787503e-29
6.617744e-29
6.282195e-29
5.809607e-29
5.229225e-29
4.569902e-29
3.859338e-29
3.123440e-29
2.385802e-29
1.667316e-29
9.858955e-30
3.563280e-30
-2.097801e-30
-7.039560e-30
-1.120733e-29
-1.457452e-29
-1.714011e-29
-1.892567e-29
-1.997212e-29
-2.033636e-29
-2.008776e-29
-1.930479e-29
-1.807177e-29
-1.647577e-29
-1.460392e-29
-1.254088e-29
-1.036683e-29
-8.155682e-30
-5.973786e-30
-3.878919e-30
-1.919678e-30
-1.351874e-31
1.444895e-30
2.800104e-30
3.918669e-30
4.796828e-30
5.438002e-30
5.851858e-30
6.053311e-30
6.061493e-30
5.898723e-30
5.589512e-30
5.159617e-30
4.635175e-30
4.041926e-30
3.404534e-30
2.746027e-30
2.087335e-30
1.446954e-30
8.407072e-31
2.816141e-31
-2.201466e-31
-6.571919e-31
-1.024815e-30
-1.320806e-30
-1.545220e-30
-1.700116e-30
-1.789259e-30
-1.817821e-30
-1.792069e-30
-1.719062e-30
-1.606362e-30
-1.461759e-30
-1.293032e-30
-1.107727e-30
-9.129751e-31
-7.153405e-31
-5.207024e-31
-3.341697e-31
-1.600282e-31
-1.715991e-33
1.381738e-31
2.578672e-31
3.563638e-31
4.333743e-31
4.892456e-31
5.248773e-31
5.416314e-31
5.412405e-31
5.257159e-31
4.972587e-31
4.581758e-31
4.108030e-31
3.574362e-31
3.002714e-31
2.413548e-31
1.825433e-31
1.254739e-31
7.154393e-32
2.189958e-32
-2.256686e-32
-6.121242e-32
-9.363242e-32
-1.196440e-31
-1.392652e-31
-1.526915e-31
-1.602690e-31
-1.624676e-31
-1.598533e-31
-1.530608e-31
-1.427681e-31
-1.296724e-31
-1.144678e-31
-9.782687e-32
-8.038387e-32
-6.272159e-32
-4.536094e-32
-2.875363e-32
-1.327751e-32
7.653556e-34
1.314835e-32
2.371785e-32
3.238901e-32
3.914013e-32
4.400588e-32
4.706978e-32
4.845611e-32
4.832173e-32
4.684783e-32
4.423202e-32
4.068090e-32
3.640318e-32
3.160361e-32
2.647768e-32
2.120723e-32
1.595692e-32
1.087165e-32
6.074798e-33
1.667229e-33
-2.272860e-33
-5.689508e-33
-8.547965e-33
-1.083319e-32
-1.254797e-32
-1.371078e-32
-1.435339e-32
-1.451848e-32
-1.425714e-32
-1.362643e-32
-1.268716e-32
-1.150166e-32
-1.013190e-32
-8.637798e-33
-7.075768e-33
-5.497540e-33
-3.949266e-33
-2.470873e-33
-1.095670e-33
1.498140e-34
1.245784e-33
2.178946e-33
2.942126e-33
3.533750e-33
3.957244e-33
4.220345e-33
4.334389e-33
4.313567e-33
4.174199e-33
3.934025e-33
3.611540e-33
3.225394e-33
2.793842e-33
2.334286e-33
1.862881e-33
1.394230e-33
9.411565e-34
5.145484e-34
1.232827e-34
-2.257909e-34
-5.278050e-34
-7.797802e-34
-9.804877e-34
-1.130280e-33
-1.230897e-33
-1.285254e-33
-1.297223e-33
-1.271415e-33
-1.212960e-33
-1.127308e-33
-1.020033e-33
-8.966665e-34
-7.625462e-34
-6.226881e-34
-4.816839e-34
-3.436219e-34
-2.120309e-34
-8.984631e-35
2.060256e-35
1.175874e-34
1.999590e-34
2.671123e-34
3.189394e-34
3.557749e-34
3.783350e-34
3.876524e-34
3.850108e-34
3.718797e-34
3.498511e-34
3.205809e-34
2.857348e-34
2.469408e-34
2.057474e-34
1.635899e-34
1.217630e-34
8.140117e-35
4.346555e-35
8.736929e-36
-2.218487e-35
-4.887679e-35
-7.108375e-35
-8.870621e-35
-1.017848e-34
-1.104829e-34
-1.150677e-34
-1.158904e-34
-1.133670e-34
-1.079585e-34
-1.001533e-34
-9.044995e-35
-7.934198e-35
-6.730481e-35
-5.478446e-35
-4.218842e-35
-2.987880e-35
-1.816740e-35
-7.312874e-36
2.480326e-36
1.106137e-35
1.833104e-35
2.423843e-35
2.877683e-35
3.197866e-35
3.391008e-35
3.466513e-35
3.435990e-35
3.312664e-35
3.110821e-35
2.845284e-35
2.530930e-35
2.182272e-35
1.813089e-35
1.436131e-35
1.062877e-35
7.033616e-36
3.660657e-36
5.785622e-37
-2.160165e-36
-4.518778e-36
-6.475476e-36
-8.022276e-36
-9.163620e-36
-9.914804e-36
-1.030028e-35
-1.035191e-35
-1.010719e-35
-9.607563e-36
-8.896781e-36
-8.019412e-36
-7.019501e-36
-5.939386e-36
-4.818718e-36
-3.693657e-36
-2.596269e-36
-1.554102e-36
-5.899405e-37
2.782754e-37
1.037391e-36
1.678845e-36
2.198375e-36
2.595637e-36
2.873754e-36
3.038827e-36
3.099415e-36
3.066011e-36
2.950516e-36
2.765748e-36
2.524970e-36
2.241471e-36
1.928185e-36
1.597374e-36
1.260360e-36
9.273195e-37
6.071279e-37
3.072666e-37
3.377316e-38
-2.087585e-37
-4.171388e-37
-5.895083e-37
-7.252341e-37
-8.247850e-37
-8.895898e-37
-9.218848e-37
-9.245572e-37
-9.009883e-37
-8.549007e-37
-7.902141e-37
-7.109128e-37
-6.209259e-37
-5.240238e-37
-4.237310e-37
-3.232558e-37
-2.254374e-37
-1.327092e-37
-4.707782e-38
2.988308e-38
9.702674e-38
1.536155e-37
1.992937e-37
2.340533e-37
2.581933e-37
2.722758e-37
2.770791e-37
2.735512e-37
2.627631e-37
2.458643e-37
2.240418e-37
1.984821e-37
1.703379e-37
1.407002e-37
1.105743e-37
8.086221e-38
5.234885e-38
2.569405e-38
1.428520e-39
-2.004598e-38
-3.845281e-38
-5.363366e-38
-6.553916e-38
-7.421755e-38
-7.980196e-38
-8.249675e-38
-8.256348e-38
-8.030690e-38
-7.606136e-38
-7.017798e-38
-6.301286e-38
-5.491649e-38
-4.622458e-38
-3.725038e-38
-2.827852e-38
-1.956034e-38
-1.131075e-38
-3.706432e-39
3.114621e-39
9.052499e-39
1.404371e-38
1.805873e-38
2.109885e-38
2.319254e-38
2.439152e-38
2.476654e-38
2.440322e-38
2.339789e-38
2.185365e-38
1.987668e-38
1.757293e-38
1.504511e-38
1.239028e-38
9.697696e-39
7.047287e-39
4.508462e-39
2.139405e-39
-1.325089e-41
-1.914381e-39
-3.540013e-39
-4.876699e-39
-5.920663e-39
-6.676778e-39
-7.157423e-39
-7.381258e-39
-7.371967e-39
-7.157011e-39
-6.766412e-39
-6.231619e-39
-5.584453e-39
-4.856175e-39
-4.076673e-39
-3.273785e-39
-2.472756e-39
-1.695836e-39
-9.620000e-40
-2.868022e-40
3.176625e-40
8.426944e-40
1.282836e-39
1.635648e-39
1.901425e-39
2.082866e-39
2.184724e-39
2.213426e-39
2.176704e-39
2.083219e-39
1.942216e-39
1.763195e-39
1.555610e-39
1.328618e-39
1.090847e-39
8.502240e-40
6.138302e-40
3.878017e-40
1.772683e-40
-1.367332e-41
-1.819540e-40
-3.254981e-40
-4.431659e-40
-5.346765e-40
-6.005152e-40
-6.418306e-40
-6.603254e-40
-6.581432e-40
-6.377578e-40
-6.018646e-40
-5.532795e-40
-4.948461e-40
-4.293520e-40
-3.594579e-40
-2.876373e-40
-2.161293e-40
-1.469028e-40
-8.163311e-41
-2.168913e-41
3.186937e-41
7.828531e-41
1.170903e-40
1.480840e-40
1.713085e-40
1.870190e-40
1.956514e-40
1.977896e-40
1.941313e-40
1.854552e-40
1.725903e-40
1.563860e-40
1.376863e-40
1.173069e-40
9.601534e-41
7.451507e-41
5.343347e-41
3.331293e-41
1.460562e-41
-2.328696e-42
-1.722195e-41
-2.989458e-41
-4.025027e-41
-4.826891e-41
-5.399828e-41
-5.754479e-41
-5.906366e-41
-5.874886e-41
-5.682315e-41
-5.352849e-41
-4.911699e-41
-4.384269e-41
-3.795416e-41
-3.168822e-41
-2.526463e-41
-1.888193e-41
-1.271437e-41
-6.909803e-42
-1.588678e-42
3.156177e-42
7.258925e-42
1.067942e-41
1.340133e-41
1.542982e-41
1.678892e-41
1.751859e-41
1.767181e-41
1.731155e-41
1.650781e-41
1.533487e-41
1.386871e-41
1.218466e-41
1.035536e-41
8.449074e-42
6.528237e-42
4.648422e-42
2.857560e-42
1.195501e-42
-3.061718e-43
-1.624055e-42
-2.742631e-42
-3.653783e-42
-4.356157e-42
-4.854414e-42
-5.158395e-42
-5.282240e-42
-5.243494e-42
-5.062212e-42
-4.760109e-42
-4.359754e-42
-3.883838e-42
-3.354525e-42
-2.792888e-42
-2.218451e-42
-1.648817e-42
-1.099401e-42
-5.832538e-43
-1.109687e-43
3.093262e-43
6.719095e-43
9.733455e-43
1.212315e-42
1.389403e-42
1.506864e-42
1.568360e-42
1.578695e-42
1.543550e-42
1.469216e-42
1.362350e-42
1.229744e-42
1.078121e-42
9.139519e-43
7.433045e-43
5.717206e-43
4.041215e-43
2.447428e-43
9.709516e-44
-3.604925e-44
-1.526485e-43
-2.513627e-43
-3.315103e-43
-3.930096e-43
-4.363115e-43
-4.623248e-43
-4.723370e-43
-4.679342e-43
-4.509216e-43
-4.232477e-43
-3.869324e-43
-3.440024e-43
-2.964335e-43
-2.461008e-43
-1.947386e-43
-1.439074e-43
-9.497086e-44
-4.908030e-44
-7.167394e-45
3.005647e-44
6.209442e-44
8.865298e-44
1.096266e-43
1.250787e-43
1.352200e-43
1.403859e-43
1.410119e-43
1.376101e-43
1.307459e-43
1.210157e-43
1.090268e-43
9.537898e-44
8.064854e-44
6.537490e-44
5.004981e-44
3.510905e-44
2.092681e-44
7.812336e-45
-3.991150e-45
-1.430557e-44
-2.301538e-44
-3.006353e-44
-3.544621e-44
-3.920679e-44
-4.142904e-44
-4.223013e-44
-4.175339e-44
-4.016128e-44
-3.762859e-44
-3.433608e-44
-3.046475e-44
-2.619069e-44
-2.168077e-44
-1.708899e-44
-1.255367e-44
-8.195416e-45
-4.115807e-45
-3.967432e-46
2.899537e-45
5.729917e-45
8.069373e-45
9.909572e-45
1.125715e-44
1.213180e-44
1.256416e-44
1.259371e-44
1.226661e-44
1.163366e-44
1.074828e-44
9.664762e-45
8.436608e-45
7.115137e-45
5.748298e-45
4.379716e-45
3.047979e-45
1.786136e-45
6.214216e-46
-4.248316e-46
-1.337102e-45
-2.105437e-45
-2.725081e-45
-3.196004e-45
-3.522350e-45
-3.711836e-45
-3.775114e-45
-3.725134e-45
-3.576513e-45
-3.344927e-45
-3.046551e-45
-2.697546e-45
-2.313605e-45
-1.909574e-45
-1.499127e-45
-1.094524e-45
-7.064301e-46
-3.438039e-46
-1.384382e-47
2.780075e-46
5.280112e-46
7.340383e-46
8.954414e-46
1.012900e-45
1.088248e-45
1.124284e-45
1.124585e-45
1.093312e-45
1.035024e-45
9.545100e-46
8.566197e-46
7.461263e-46
6.275989e-46
5.052990e-46
3.830968e-46
2.644080e-46
1.521515e-46
4.872491e-47
-4.400119e-47
-1.246748e-46
-1.924394e-46
-2.469009e-46
-2.880837e-46
-3.163823e-46
-3.325062e-46
-3.374236e-46
-3.323041e-46
-3.184623e-46
-2.973041e-46
-2.702764e-46
-2.388221e-46
-2.043397e-46
-1.681497e-46
-1.314662e-46
-9.537562e-47
-6.082094e-47
-2.859207e-47
6.784799e-49
2.651496e-47
4.859342e-47
6.673313e-47
8.088490e-47
9.111710e-47
9.760008e-47
1.005894e-46
1.004090e-46
9.743354e-47
9.207270e-47
8.475510e-47
7.591427e-47
6.597587e-47
5.534668e-47
4.440540e-47
3.349529e-47
2.291869e-47
1.293332e-47
3.750239e-48
-4.466613e-48
-1.159952e-47
-1.757491e-47
-2.236024e-47
-2.596016e-47
-2.841201e-47
-2.978097e-47
-3.015499e-47
-2.963966e-47
-2.835321e-47
-2.642167e-47
-2.397448e-47
-2.114043e-47
-1.804415e-47
-1.480306e-47
-1.152495e-47
-8.306090e-48
-5.229829e-48
-2.365808e-48
2.304121e-49
2.517265e-48
4.466709e-48
6.063438e-48
7.303822e-48
8.194650e-48
8.751721e-48
8.998352e-48
8.963846e-48
8.681971e-48
8.189494e-48
7.524798e-48
6.726617e-48
5.832910e-48
4.879888e-48
3.901198e-48
2.927283e-48
1.984899e-48
1.096798e-48
2.815530e-49
-4.464723e-49
-1.077036e-48
-1.603825e-48
-2.024173e-48
-2.338709e-48
-2.550958e-48
-2.666900e-48
-2.694522e-48
-2.643351e-48
-2.524017e-48
-2.347819e-48
-2.126333e-48
-1.871054e-48
-1.593085e-48
-1.302868e-48
-1.009971e-48
-7.229226e-49
-4.490897e-49
-1.946106e-49
3.563597e-50
2.380198e-49
4.101159e-49
5.506313e-49
6.593099e-49
7.368181e-49
7.846190e-49
8.048379e-49
8.001259e-49
7.735238e-49
7.283316e-49
6.679857e-49
5.959466e-49
5.155988e-49
4.301652e-49
3.426351e-49
2.557080e-49
1.717514e-49
9.277331e-50
2.040787e-50
-4.408691e-50
-9.982054e-50
-1.462521e-49
-1.831648e-49
-2.106338e-49
-2.289907e-49
-2.387837e-49
-2.407374e-49
-2.357115e-49
-2.246614e-49
-2.085999e-49
-1.885619e-49
-1.655736e-49
-1.406238e-49
-1.146410e-49
-8.847460e-50
-6.287974e-50
-3.850759e-50
-1.589902e-50
4.517661e-51
2.242559e-50
3.761524e-50
4.997775e-50
5.949626e-50
6.623563e-50
7.033111e-50
7.197629e-50
7.141093e-50
6.890878e-50
6.476599e-50
5.929015e-50
5.279038e-50
4.556842e-50
3.791107e-50
3.008389e-50
2.232621e-50
1.484748e-50
7.824902e-51
1.402210e-51
-4.310461e-51
-9.235736e-51
-1.332735e-50
-1.656782e-50
-1.896557e-50
-2.055167e-50
-2.137633e-50
-2.150528e-50
-2.101606e-50
-1.999451e-50
-1.853139e-50
-1.671926e-50
-1.464965e-50
-1.241066e-50
-1.008483e-50
-7.747523e-51
-5.465633e-51
-3.296690e-51
-1.288344e-51
5.218164e-52
2.106148e-51
3.446565e-51
4.533933e-51
5.367280e-51
5.952872e-51
6.303191e-51
6.435862e-51
6.372558e-51
6.137919e-51
5.758515e-51
5.261877e-51
4.675612e-51
4.026617e-51
3.340414e-51
2.640589e-51
1.948356e-51
1.282246e-51
6.578902e-52
8.792860e-53
-4.180006e-52
-8.531791e-52
-1.213657e-51
-1.498040e-51
-1.707230e-51
-1.844134e-51
-1.913345e-51
-1.920821e-51
-1.873554e-51
-1.779258e-51
-1.646063e-51
-1.482244e-51
-1.295968e-51
-1.095079e-51
-8.869165e-52
-6.781666e-52
-4.747524e-52
-2.817562e-52
-1.033753e-52
5.709274e-53
1.972375e-52
3.154998e-52
4.111159e-52
4.840464e-52
5.348927e-52
5.648054e-52
5.753879e-52
5.685988e-52
5.466552e-52
5.119406e-52
4.669187e-52
4.140547e-52
3.557460e-52
2.942633e-52
2.317012e-52
1.699401e-52
1.106188e-52
5.511627e-53
4.543542e-54
-4.025620e-53
-7.870008e-53
-1.104515e-52
-1.354007e-52
-1.536417e-52
-1.654456e-52
-1.712323e-52
-1.715415e-52
-1.670038e-52
-1.583118e-52
-1.461939e-52
-1.313899e-52
-1.146281e-52
-9.660722e-53
-7.797946e-53
-5.933806e-53
-4.120743e-53
-2.403645e-53
-8.194733e-54
6.028531e-54
1.842327e-53
2.885520e-53
3.726077e-53
4.364065e-53
4.805227e-53
5.060152e-53
5.143421e-53
5.072726e-53
4.868012e-53
4.550658e-53
4.142704e-53
3.666164e-53
3.142403e-53
2.591621e-53
2.032416e-53
1.481455e-53
9.532270e-54
4.598950e-54
1.122294e-55
-3.854165e-54
-7.249701e-54
-1.004575e-53
-1.223385e-53
-1.382355e-53
-1.484010e-53
-1.532184e-53
-1.531767e-53
-1.488440e-53
-1.408424e-53
-1.298244e-53
-1.164509e-53
-1.013718e-53
-8.520897e-54
-6.854218e-54
-5.189765e-54
-3.573957e-54
-2.046435e-54
-6.397393e-55
6.207769e-55
1.716817e-54
2.636830e-54
3.375554e-54
3.933420e-54
4.315885e-54
4.532687e-54
4.597073e-54
4.525020e-54
4.334468e-54
4.044586e-54
3.675093e-54
3.245640e-54
2.775267e-54
2.281939e-54
1.782171e-54
1.290731e-54
8.204281e-55
3.819873e-55
-1.601278e-56
-3.671284e-55
-6.669825e-55
-9.131463e-55
-1.104980e-54
-1.243443e-54
-1.330878e-54
-1.370787e-54
-1.367596e-54
-1.326422e-54
-1.252852e-54
-1.152728e-54
-1.031958e-54
-8.963363e-55
-7.513999e-55
-6.023001e-55
-4.537043e-55
-3.097211e-55
-1.738504e-55
-4.895635e-56
6.273913e-56
1.596434e-55
2.407644e-55
3.056685e-55
3.544275e-55
3.875577e-55
4.059534e-55
4.108176e-55
4.035928e-55
3.858921e-55
3.594340e-55
3.259823e-55
2.872912e-55
2.450571e-55
2.008778e-55
1.562192e-55
1.123899e-55
7.052211e-56
3.156133e-56
-3.738975e-57
-3.481587e-56
-6.129055e-56
-8.295747e-56
-9.976989e-56
-1.118227e-55
-1.193332e-55
-1.226206e-55
-1.220856e-55
-1.181891e-55
-1.114325e-55
-1.023390e-55
-9.143637e-56
-7.924139e-56
-6.624687e-56
-5.291052e-56
-3.964625e-56
-2.681765e-56
-1.473367e-56
-3.646342e-57
6.249672e-57
1.481583e-56
2.196704e-56
2.766783e-56
3.192755e-56
3.479485e-56
3.635179e-56
3.670758e-56
3.599238e-56
3.435120e-56
3.193811e-56
2.891084e-56
2.542595e-56
2.163457e-56
1.767879e-56
1.368872e-56
9.780283e-57
6.053554e-57
2.591855e-57
-5.386508e-58
-3.288809e-57
-5.625865e-57
-7.532473e-57
-9.005383e-57
-1.005389e-56
-1.069809e-56
-1.096711e-56
-1.089716e-56
-1.052976e-56
-9.909909e-57
-9.084452e-57
-8.100526e-57
-7.004213e-57
-5.839374e-57
-4.646671e-57
-3.462805e-57
-2.319946e-57
-1.245364e-57
-2.612279e-58
6.154134e-58
1.372516e-57
2.002793e-57
2.503366e-57
2.875328e-57
3.123253e-57
3.254659e-57
3.279456e-57
3.209386e-57
3.057483e-57
2.837554e-57
2.563704e-57
2.249905e-57
1.909618e-57
1.555477e-57
1.199030e-57
8.505430e-58
5.188609e-58
2.113250e-58
-6.625674e-59
-3.095944e-58
-5.158587e-58
-6.835903e-58
-8.125809e-58
-9.037327e-58
-9.589042e-58
-9.807459e-58
-9.725338e-58
-9.380048e-58
-8.811977e-58
-8.063048e-58
-7.175366e-58
-6.190016e-58
-5.146027e-58
-4.079520e-58
-3.023032e-58
-2.005025e-58
-1.049558e-58
-1.761322e-59
6.003293e-59
1.269363e-58
1.824740e-58
2.264144e-58
2.588784e-58
2.802944e-58
2.913507e-58
2.929461e-58
2.861396e-58
2.721022e-58
2.520715e-58
2.273083e-58
1.990593e-58
1.685235e-58
1.368240e-58
1.049857e-58
7.391769e-59
4.440136e-59
1.708350e-59
-7.526250e-60
-2.905366e-59
-4.725461e-59
-6.200675e-59
-7.329873e-59
-8.121756e-59
-8.593472e-59
-8.769143e-59
-8.678385e-59
-8.354828e-59
-7.834705e-59
-7.155540e-59
-6.354933e-59
-5.469508e-59
-4.533993e-59
-3.580468e-59
-2.637778e-59
-1.731095e-59
-8.816467e-60
-1.065792e-60
5.810489e-60
1.172154e-59
1.661421e-59
2.047009e-59
2.330201e-59
2.515000e-59
2.607705e-59
2.616459e-59
2.550813e-59
2.421287e-59
2.238967e-59
2.015126e-59
1.760886e-59
1.486924e-59
1.203224e-59
9.188790e-60
6.419387e-60
3.793061e-60
1.366775e-60
-8.147639e-61
-2.718928e-60
-4.324677e-60
-5.621793e-60
-6.609907e-60
-7.297359e-60
-7.699947e-60
-7.839616e-60
-7.743125e-60
-7.440733e-60
-6.964943e-60
-6.349330e-60
-5.627472e-60
-4.832010e-60
-3.993840e-60
-3.141452e-60
-2.300410e-60
-1.492979e-60
-7.378805e-61
-5.018662e-62
5.586803e-61
1.080841e-60
1.511768e-60
1.850020e-60
2.096923e-60
2.256210e-60
2.333637e-60
2.336582e-60
2.273653e-60
2.154301e-60
1.988456e-60
1.786193e-60
1.557434e-60
1.311686e-60
1.057823e-60
8.039116e-61
5.570784e-61
3.234203e-61
1.079529e-61
-8.540302e-62
-2.538046e-61
-3.954405e-61
-5.094612e-61
-5.958908e-61
-6.555246e-61
-6.898163e-61
-7.007610e-61
-6.907757e-61
-6.625822e-61
-6.190958e-61
-5.633203e-61
-4.982536e-61
-4.268047e-61
-3.517219e-61
-2.755350e-61
-2.005094e-61
-1.286139e-61
-6.149950e-62
-4.906847e-64
5.341389e-62
9.953130e-62
1.374767e-61
1.671394e-61
1.886538e-61
2.023672e-61
2.088052e-61
2.086360e-61
2.026353e-61
1.916517e-61
1.765746e-61
1.583045e-61
1.377263e-61
1.156864e-61
9.297347e-62
7.030301e-62
4.830589e-62
2.752044e-62
8.388253e-63
-8.747003e-63
-2.363775e-62
-3.612823e-62
-4.614820e-62
-5.370487e-62
-5.887373e-62
-6.178838e-62
-6.263010e-62
-6.161713e-62
-5.899427e-62
-5.502290e-62
-4.997174e-62
-4.410843e-62
-3.769217e-62
-3.096741e-62
-2.415875e-62
-1.746692e-62
-1.106598e-62
-5.101494e-63
3.101778e-64
5.081761e-63
9.154116e-63
1.249461e-62
1.509495e-62
1.696856e-62
1.814768e-62
1.868027e-62
1.862683e-62
1.805723e-62
1.704766e-62
1.567777e-62
1.402802e-62
1.217733e-62
1.020104e-62
8.169237e-63
6.145380e-63
4.185300e-63
2.336527e-63
6.379253e-64
-8.803885e-64
-2.196867e-63
-3.298138e-63
-4.178424e-63
-4.838820e-63
-5.286460e-63
-5.533612e-63
-5.596736e-63
-5.495533e-63
-5.252013e-63
-4.889610e-63
-4.432358e-63
-3.904148e-63
-3.328071e-63
-2.725869e-63
-2.117479e-63
-1.520686e-63
-9.508727e-64
-4.208733e-64
5.909369e-65
4.814048e-64
8.409429e-64
1.134949e-63
1.362822e-63
1.525888e-63
1.627135e-63
1.670936e-63
1.662764e-63
1.608912e-63
1.516222e-63
1.391822e-63
1.242902e-63
1.076500e-63
8.993205e-64
7.175914e-64
5.369399e-64
3.623065e-64
1.978870e-64
4.710069e-65
-8.741405e-65
-2.037832e-64
-3.008601e-64
-3.781732e-64
-4.358600e-64
-4.745925e-64
-4.954959e-64
-5.000641e-64
-4.900748e-64
-4.675066e-64
-4.344601e-64
-3.930846e-64
-3.455123e-64
-2.938002e-64
-2.398818e-64
-1.855265e-64
-1.323098e-64
-8.159132e-65
-3.450198e-65
8.060993e-66
4.543199e-65
7.716870e-65
1.030384e-64
1.230001e-64
1.371832e-64
1.458642e-64
1.494416e-64
1.484104e-64
1.433373e-64
1.348362e-64
1.235454e-64
1.101070e-64
9.514845e-65
7.926670e-65
6.301484e-65
4.689184e-65
3.133483e-65
1.671409e-65
3.330429e-66
-8.585144e-66
-1.886973e-65
-2.742519e-65
-3.421332e-65
-3.924994e-65
-4.259815e-65
-4.436104e-65
-4.467412e-65
-4.369777e-65
-4.160982e-65
-3.859850e-65
-3.485601e-65
-3.057262e-65
-2.593155e-65
-2.110471e-65
-1.624913e-65
-1.150435e-65
-6.990501e-66
-2.807243e-66
9.666767e-67
4.273176e-66
7.074058e-66
9.349761e-66
1.109774e-65
1.233053e-65
1.307368e-65
1.336347e-65
1.324466e-65
1.276827e-65
1.198936e-65
1.096508e-65
9.752793e-66
8.408421e-66
6.985082e-66
5.531907e-66
4.093131e-66
2.707427e-66
1.407465e-66
2.196980e-67
-8.356512e-67
-1.744435e-66
-2.498266e-66
-3.094081e-66
-3.533607e-66
-3.822751e-66
-3.970950e-66
-3.990491e-66
-3.895838e-66
-3.702967e-66
-3.428748e-66
-3.090362e-66
-2.704786e-66
-2.288339e-66
-1.856302e-66
-1.422610e-66
-9.996212e-67
-5.979480e-67
-2.263690e-67
1.082058e-67
4.007105e-67
6.478500e-67
8.479862e-67
1.000990e-66
1.108070e-66
1.171580e-66
1.194822e-66
1.181844e-66
1.137235e-66
1.065936e-66
9.730612e-67
8.637323e-67
7.429353e-67
6.153960e-67
4.854779e-67
3.571021e-67
2.336892e-67
1.181211e-67
1.272376e-68
-8.073350e-68
-1.610227e-67
-2.274285e-67
-2.797083e-67
-3.180440e-67
-3.429874e-67
-3.554013e-67
-3.563995e-67
-3.472859e-67
-3.294958e-67
-3.045405e-67
-2.739558e-67
-2.392563e-67
-2.018952e-67
-1.632309e-67
-1.244997e-67
-8.679567e-68
-5.105645e-68
-1.805509e-68
1.160230e-68
3.747413e-68
5.927647e-68
7.687266e-68
9.025995e-68
9.955394e-68
1.049716e-67
1.068131e-67
1.054442e-67
1.012778e-67
9.475711e-68
8.633970e-68
7.648294e-68
6.563118e-68
5.420487e-68
4.259149e-68
3.113856e-68
2.014858e-68
9.875742e-69
5.244848e-70
-7.750454e-69
-1.484258e-68
-2.069098e-68
-2.527676e-68
-2.861861e-68
-3.076794e-68
-3.180360e-68
-3.182649e-68
-3.095412e-68
-2.931541e-68
-2.704573e-68
-2.428235e-68
-2.116037e-68
-1.780919e-68
-1.434953e-68
-1.089107e-68
-7.530679e-69
-4.351146e-69
-1.420545e-69
1.207977e-69
3.495947e-69
5.418930e-69
6.965579e-69
8.136426e-69
8.942479e-69
9.403693e-69
9.547366e-69
9.406517e-69
9.018291e-69
8.422439e-69
7.659896e-69
6.771495e-69
5.796836e-69
4.773318e-69
3.735346e-69
2.713716e-69
1.735175e-69
8.221381e-70
-7.430283e-72
-7.400031e-70
-1.366352e-69
-1.881303e-69
-2.283413e-69
-2.574568e-69
-2.759549e-69
-2.845555e-69
-2.841723e-69
-2.758640e-69
-2.607883e-69
-2.401576e-69
-2.151987e-69
-1.871164e-69
-1.570628e-69
-1.261106e-69
-9.523295e-70
-6.528697e-70
-3.700384e-70
-1.098276e-70
1.231041e-70
3.254067e-70
4.949802e-70
6.308873e-70
7.332445e-70
8.030953e-70
8.422734e-70
8.532586e-70
8.390322e-70
8.029346e-70
7.485300e-70
6.794800e-70
5.994300e-70
5.119082e-70
4.202412e-70
3.274832e-70
2.363631e-70
1.492453e-70
6.810594e-71
-5.476762e-72
-7.032085e-71
-1.256273e-70
-1.709578e-70
-2.062049e-70
-2.315565e-70
-2.474563e-70
-2.545610e-70
-2.536975e-70
-2.458197e-70
-2.319669e-70
-2.132248e-70
-1.906893e-70
-1.654352e-70
-1.384878e-70
-1.108004e-70
-8.323599e-71
-5.655314e-71
-3.139737e-71
-8.296016e-72
1.234273e-71
3.022735e-71
4.517761e-71
5.711658e-71
6.606074e-71
7.210868e-71
7.542868e-71
7.624590e-71
7.482942e-71
7.147959e-71
6.651592e-71
6.026590e-71
5.305491e-71
4.519728e-71
3.698885e-71
2.870074e-71
2.057469e-71
1.281970e-71
5.609966e-72
-9.159308e-73
-6.654752e-72
-1.153738e-71
-1.552677e-71
-1.861526e-71
-2.082134e-71
-2.218609e-71
-2.276939e-71
-2.264606e-71
-2.190201e-71
-2.063051e-71
-1.892877e-71
-1.689471e-71
-1.462415e-71
-1.220836e-71
-9.732034e-72
-7.271688e-72
-4.894458e-72
-2.657316e-72
-6.066601e-73
1.221756e-72
2.802584e-72
4.120373e-72
5.168857e-72
5.950049e-72
6.473227e-72
6.753821e-72
6.812264e-72
6.672836e-72
6.362532e-72
5.909993e-72
5.344504e-72
4.695103e-72
3.989793e-72
3.254877e-72
2.514421e-72
1.789837e-72
1.099595e-72
4.590464e-73
-1.196426e-73
-6.274595e-73
-1.058431e-72
-1.409437e-72
-1.679961e-72
-1.871808e-72
-1.988777e-72
-2.036322e-72
-2.021211e-72
-1.951177e-72
-1.834592e-72
-1.680158e-72
-1.496622e-72
-1.292525e-72
-1.075991e-72
-8.545446e-73
-6.349683e-73
-4.232025e-73
-2.242748e-73
-4.226650e-74
1.196919e-73
2.593976e-73
3.755287e-73
4.675787e-73
5.357756e-73
5.809899e-73
6.046348e-73
6.085638e-73
5.949670e-73
5.662705e-73
5.250408e-73
4.738965e-73
4.154286e-73
3.521314e-73
2.863436e-73
2.202007e-73
1.555992e-73
9.417107e-74
3.726878e-74
-1.403984e-74
-5.896844e-74
-9.700135e-74
-1.278765e-73
-1.515630e-73
-1.682353e-73
-1.782442e-73
-1.820864e-73
-1.803737e-73
-1.738021e-73
-1.631229e-73
-1.491148e-73
-1.325591e-73
-1.142173e-73
-9.481221e-74
-7.501209e-74
-5.541834e-74
-3.655640e-74
-1.886988e-74
-2.717657e-75
1.162627e-74
2.397061e-74
3.420244e-74
4.228129e-74
4.823177e-74
5.213532e-74
5.412128e-74
5.435768e-74
5.304202e-74
5.039227e-74
4.663841e-74
4.201452e-74
3.675179e-74
3.107236e-74
2.518412e-74
1.927658e-74
1.351765e-74
8.051529e-75
2.997337e-75
-1.551235e-75
-5.525612e-75
-8.881324e-75
-1.159644e-74
-1.366955e-74
-1.511742e-74
-1.597239e-74
-1.627966e-74
-1.609451e-74
-1.547958e-74
-1.450227e-74
-1.323226e-74
-1.173932e-74
-1.009133e-74
-8.352600e-75
-6.582478e-75
-4.834272e-75
-3.154452e-75
-1.582153e-75
-1.489236e-76
1.121265e-75
2.211811e-75
3.113091e-75
3.821909e-75
4.340841e-75
4.677488e-75
4.843676e-75
4.854631e-75
4.728158e-75
4.483838e-75
4.142273e-75
3.724386e-75
3.250804e-75
2.741305e-75
2.214369e-75
1.686809e-75
1.173493e-75
6.871552e-76
2.382879e-76
-1.648921e-76
-5.164079e-76
-8.124289e-76
-1.051128e-75
-1.232498e-75
-1.358141e-75
-1.431036e-75
-1.455292e-75
-1.435904e-75
-1.378508e-75
-1.289147e-75
-1.174057e-75
-1.039468e-75
-8.914302e-76
-7.356632e-76
-5.774379e-76
-4.214786e-76
-2.718947e-76
-1.321377e-76
-4.980520e-78
1.074807e-76
2.038065e-76
2.831780e-76
3.453473e-76
3.905777e-76
4.195771e-76
4.334260e-76
4.335034e-76
4.214140e-76
3.989165e-76
3.678559e-76
3.301026e-76
2.874962e-76
2.417978e-76
1.946498e-76
1.475436e-76
1.017955e-76
5.852997e-77
1.867081e-77
-1.706154e-77
-4.814643e-77
-7.425431e-77
-9.523365e-77
-1.110944e-76
-1.219890e-76
-1.281913e-76
-1.300747e-76
-1.280905e-76
-1.227453e-76
-1.145814e-76
-1.041565e-76
-9.202677e-77
-7.873131e-77
-6.477900e-77
-5.063778e-77
-3.672629e-77
-2.340787e-77
-1.098685e-77
2.931172e-79
1.024881e-77
1.875552e-77
2.574374e-77
3.119463e-77
3.513469e-77
3.762970e-77
3.877826e-77
3.870527e-77
3.755530e-77
3.548624e-77
3.266335e-77
2.925376e-77
2.542154e-77
2.132347e-77
1.710551e-77
1.289993e-77
8.823245e-78
4.974740e-78
1.435728e-78
-1.730646e-78
-4.479058e-78
-6.781191e-78
-8.624548e-78
-1.001096e-77
-1.095485e-77
-1.148139e-77
-1.162449e-77
-1.142489e-77
-1.092816e-77
-1.018289e-77
-9.238999e-78
-8.146118e-78
-6.952286e-78
-5.702760e-78
-4.439082e-78
-3.198344e-78
-2.012666e-78
-9.088778e-79
9.161973e-80
9.728179e-79
1.723922e-78
2.339046e-78
2.816802e-78
3.159820e-78
3.374198e-78
3.468935e-78
3.455330e-78
3.346407e-78
3.156340e-78
2.899928e-78
2.592103e-78
2.247496e-78
1.880062e-78
1.502771e-78
1.127353e-78
7.641188e-79
4.218337e-79
1.076530e-79
-1.728907e-79
-4.158542e-79
-6.188079e-79
-7.807279e-79
-9.018606e-79
-9.835676e-79
-1.028157e-78
-1.038709e-78
-1.018899e-78
-9.728249e-79
-9.048431e-79
-8.194161e-79
-7.209751e-79
-6.137995e-79
-5.019139e-79
-3.890059e-79
-2.783612e-79
-1.728189e-79
-7.474360e-80
1.398529e-80
9.196980e-80
1.582764e-79
2.124080e-79
2.542668e-79
2.841109e-79
3.025051e-79
3.102693e-79
3.084260e-79
2.981479e-79
2.807072e-79
2.574288e-79
2.296467e-79
1.986654e-79
1.657271e-79
1.319839e-79
9.847608e-80
6.611584e-80
3.567688e-80
7.788719e-81
-1.706412e-80
-3.853877e-80
-5.642710e-80
-7.064584e-80
-8.122437e-80
-8.829072e-80
-9.205647e-80
-9.280111e-80
-9.085623e-80
-8.659016e-80
-8.039337e-80
-7.266490e-80
-6.380021e-80
-5.418048e-80
-4.416359e-80
-3.407680e-80
-2.421116e-80
-1.481754e-80
-6.104335e-81
1.763486e-81
8.663897e-81
1.451624e-80
1.927867e-80
2.294478e-80
2.553966e-80
2.711553e-80
2.774707e-80
2.752675e-80
2.656013e-80
2.496141e-80
2.284915e-80
2.034253e-80
1.755784e-80
1.460563e-80
1.158824e-80
8.597897e-81
5.715311e-81
3.008753e-81
5.335924e-82
-1.667752e-81
-3.565488e-81
-5.141817e-81
-6.390029e-81
-7.313399e-81
-7.923930e-81
-8.241000e-81
-8.289955e-81
-8.100703e-81
-7.706345e-81
-7.141869e-81
-6.442955e-81
-5.644889e-81
-4.781622e-81
-3.884972e-81
-2.983980e-81
-2.104421e-81
-1.268462e-81
-4.944620e-82
2.031017e-82
8.135834e-82
1.330022e-81
1.748905e-81
2.069869e-81
2.295334e-81
2.430120e-81
2.481028e-81
2.456414e-81
2.365781e-81
2.219373e-81
2.027803e-81
1.801714e-81
1.551473e-81
1.286917e-81
1.017134e-81
7.503021e-82
4.935591e-82
2.529288e-82
3.327966e-83
-1.616759e-82
-3.293514e-82
-4.682272e-82
-5.777684e-82
-6.583256e-82
-7.110210e-82
-7.376274e-82
-7.404426e-82
-7.221634e-82
-6.857635e-82
-6.343779e-82
-5.711961e-82
-4.993665e-82
-4.219125e-82
-3.416624e-82
-2.611932e-82
-1.827872e-82
-1.084027e-82
-3.965650e-83
2.218112e-83
7.618197e-83
1.217459e-82
1.585794e-82
1.866680e-82
2.062443e-82
2.177524e-82
2.218109e-82
2.191751e-82
2.107000e-82
1.973045e-82
1.799384e-82
1.595520e-82
1.370694e-82
1.133658e-82
8.924826e-83
6.544159e-83
4.257714e-83
2.118624e-83
1.696877e-84
-1.556622e-83
-3.037864e-83
-4.261089e-83
-5.222094e-83
-5.924521e-83
-6.378839e-83
-6.601255e-83
-6.612586e-83
-6.437142e-83
-6.101636e-83
-5.634151e-83
-5.063196e-83
-4.416856e-83
-3.722054e-83
-3.003928e-83
-2.285342e-83
-1.586501e-83
-9.247004e-84
-3.141800e-84
2.339212e-84
7.115140e-84
1.113431e-83
1.437228e-83
1.682940e-83
1.852786e-83
1.950853e-83
1.982767e-83
1.955349e-83
1.876292e-83
1.753837e-83
1.596482e-83
1.412712e-83
1.210763e-83
9.984190e-84
7.828487e-84
5.704740e-84
3.668783e-84
1.767473e-84
3.842157e-86
-1.489976e-84
-2.798265e-84
-3.875436e-84
-4.718243e-84
-5.330393e-84
-5.721630e-84
-5.906755e-84
-5.904624e-84
-5.737145e-84
-5.428304e-84
-5.003258e-84
-4.487485e-84
-3.906034e-84
-3.282876e-84
-2.640354e-84
-1.998745e-84
-1.375939e-84
-7.872083e-85
-2.450880e-85
2.406558e-85
6.629778e-85
1.017433e-84
1.301999e-84
1.516850e-84
1.664092e-84
1.747486e-84
1.772141e-84
1.744219e-84
1.670637e-84
1.558787e-84
1.416269e-84
1.250660e-84
1.069297e-84
8.791056e-85
6.864490e-85
4.970183e-85
3.157498e-85
1.467748e-85
-6.601952e-87
-1.418988e-85
-2.574307e-85
-3.522636e-85
-4.261528e-85
-4.794695e-85
-5.131188e-85
-5.284516e-85
-5.271748e-85
-5.112622e-85
-4.828676e-85
-4.442436e-85
-3.976670e-85
-3.453718e-85
-2.894919e-85
-2.320127e-85
-1.747328e-85
-1.192354e-85
-6.686898e-86
-1.873687e-86
2.430507e-86
6.164358e-86
9.289692e-86
1.178986e-85
1.366767e-85
1.494308e-85
1.565060e-85
1.583665e-85
1.555684e-85
1.487339e-85
1.385254e-85
1.256230e-85
1.107028e-85
9.441860e-86
7.738634e-86
6.017093e-86
4.327655e-86
2.713957e-86
1.212417e-86
-1.479376e-87
-1.345429e-86
-2.365473e-86
-3.200167e-86
-3.847725e-86
-4.311821e-86
-4.600843e-86
-4.727113e-86
-4.706076e-86
-4.555510e-86
-4.294750e-86
-3.943965e-86
-3.523497e-86
-3.053267e-86
-2.552270e-86
-2.038146e-86
-1.526845e-86
-1.032378e-86
-5.666473e-87
-1.393624e-87
2.419788e-87
5.720419e-87
8.475529e-87
1.067150e-86
1.231197e-86
1.341575e-86
1.401450e-86
1.415035e-86
1.387350e-86
1.323987e-86
1.230884e-86
1.114123e-86
9.797390e-87
8.335565e-87
6.810520e-87
5.272400e-87
3.765869e-87
2.329493e-87
9.953692e-88
-2.110154e-88
-1.270731e-87
-2.171170e-87
-2.905661e-87
-3.472968e-87
-3.876685e-87
-4.124577e-87
-4.227871e-87
-4.200542e-87
-4.058595e-87
-3.819385e-87
-3.500968e-87
-3.121515e-87
-2.698789e-87
-2.249695e-87
-1.789903e-87
-1.333558e-87
-8.930558e-88
-4.789013e-88
-9.963593e-89
2.381742e-88
5.298918e-88
7.727131e-88
9.655330e-88
1.108778e-87
1.204213e-87
1.254742e-87
1.264185e-87
1.237073e-87
1.178429e-87
1.093578e-87
9.879567e-88
8.669508e-88
7.357490e-88
5.992203e-88
4.618153e-88
3.274898e-88
1.996517e-88
8.112942e-89
-2.583999e-89
-1.196044e-88
-1.990748e-88
-2.636901e-88
-3.133714e-88
-3.484676e-88
-3.696962e-88
-3.780797e-88
-3.748817e-88
-3.615432e-88
-3.396212e-88
-3.107321e-88
-2.764990e-88
-2.385053e-88
-1.982555e-88
-1.571415e-88
-1.164173e-88
-7.717950e-89
-4.035510e-89
-6.695283e-90
2.322515e-89
4.900336e-89
7.039966e-89
8.732523e-89
9.982700e-89
1.080705e-88
1.123213e-88
1.129261e-88
1.102932e-88
1.048743e-88
9.714645e-89
8.759567e-89
7.670255e-89
6.492919e-89
5.270849e-89
4.043536e-89
2.846014e-89
1.708391e-89
6.555846e-90
-2.927755e-90
-1.122278e-89
-1.823526e-89
-2.391817e-89
-2.826725e-89
-3.131614e-89
-3.313105e-89
-3.380503e-89
-3.345230e-89
-3.220255e-89
-3.019547e-89
-2.757572e-89
-2.448824e-89
-2.107421e-89
-1.746746e-89
-1.379164e-89
-1.015789e-89
-6.663211e-90
-3.389392e-90
-4.024778e-91
2.247235e-90
4.524777e-90
6.409695e-90
7.894934e-90
8.985471e-90
9.696772e-90
1.005313e-89
1.008598e-89
9.832120e-90
9.332136e-90
8.628763e-90
7.765457e-90
6.785089e-90
5.728812e-90
4.635106e-90
3.539011e-90
2.471546e-90
1.459309e-90
5.242444e-91
-3.164272e-91
-1.050142e-90
-1.668801e-90
-2.168478e-90
-2.549041e-90
-2.813714e-90
-2.968596e-90
-3.022152e-90
-2.984702e-90
-2.867914e-90
-2.684320e-90
-2.446864e-90
-2.168489e-90
-1.861776e-90
-1.538634e-90
-1.210042e-90
-8.858507e-91
-5.746397e-91
-2.836222e-91
-1.860394e-92
2.160159e-91
4.172041e-91
5.832186e-91
7.135073e-91
8.085844e-91
8.698916e-91
8.996496e-91
9.007046e-91
8.763759e-91
8.303074e-91
7.663275e-91
6.883203e-91
6.001101e-91
5.053612e-91
4.074938e-91
3.096165e-91
2.144753e-91
1.244194e-91
4.138105e-92
-3.312960e-92
-9.801783e-92
-1.525865e-91
-1.965092e-91
-2.297962e-91
-2.527548e-91
-2.659461e-91
-2.701399e-91
-2.662682e-91
-2.553806e-91
-2.386010e-91
-2.170875e-91
-1.919957e-91
-1.644468e-91
-1.355001e-91
-1.061305e-91
-7.721107e-92
-4.950029e-92
-2.363431e-92
-1.233300e-94
2.064804e-92
3.841690e-92
5.303522e-92
6.446060e-92
7.274514e-92
7.802294e-92
8.049678e-92
8.042444e-92
7.810500e-92
7.386569e-92
6.804940e-92
6.100323e-92
5.306829e-92
4.457081e-92
3.581474e-92
2.707582e-92
1.859713e-92
1.058611e-92
3.212848e-93
-3.390265e-93
-9.127900e-93
-1.394012e-92
-1.779993e-92
-2.071021e-92
-2.270011e-92
-2.382122e-92
-2.414345e-92
-2.375097e-92
-2.273817e-92
-2.120584e-92
-1.925757e-92
-1.699651e-92
-1.452259e-92
-1.193001e-92
-9.305326e-93
-6.725899e-93
-4.258788e-93
-1.960080e-93
1.254051e-94
1.964056e-93
3.533106e-93
4.820004e-93
5.821579e-93
6.543030e-93
6.996806e-93
7.201412e-93
7.180179e-93
6.960052e-93
6.570411e-93
6.041960e-93
5.405715e-93
4.692097e-93
3.930146e-93
3.146871e-93
2.366727e-93
1.611227e-93
8.986858e-94
2.440738e-94
-3.410086e-94
-8.482647e-94
-1.272548e-93
-1.611641e-93
-1.865972e-93
-2.038298e-93
-2.133353e-93
-2.157488e-93
-2.118299e-93
-2.024274e-93
-1.884447e-93
-1.708084e-93
-1.504394e-93
-1.282277e-93
-1.050113e-93
-8.155857e-94
-5.855473e-94
-3.659260e-94
-1.616657e-94
2.329713e-95
1.860267e-94
3.245531e-94
4.378151e-94
5.255840e-94
5.883725e-94
6.273343e-94
6.441565e-94
6.409503e-94
6.201426e-94
5.843704e-94
5.363829e-94
4.789511e-94
4.147876e-94
3.464773e-94
2.764198e-94
2.067837e-94
1.394729e-94
7.610373e-95
1.799362e-95
-3.384133e-95
-7.867950e-95
-1.160797e-94
-1.458609e-94
-1.680767e-94
-1.829868e-94
-1.910254e-94
-1.927687e-94
-1.889024e-94
-1.801893e-94
-1.674393e-94
-1.514809e-94
-1.331361e-94
-1.131978e-94
-9.241103e-95
-7.145779e-95
-5.094514e-95
-3.139696e-95
-1.324896e-95
3.153256e-96
1.755336e-95
2.978109e-95
3.974697e-95
4.743539e-95
5.289644e-95
5.623685e-95
5.761033e-95
5.720787e-95
5.524795e-95
5.196724e-95
4.761186e-95
4.242933e-95
3.666152e-95
3.053845e-95
2.427332e-95
1.805839e-95
1.206211e-95
6.427146e-96
1.269369e-96
-3.322241e-96
-7.284966e-96
-1.058104e-95
-1.319581e-95
-1.513543e-95
-1.642427e-95
-1.710211e-95
-1.722124e-95
-1.684349e-95
-1.603742e-95
-1.487563e-95
-1.343220e-95
-1.178046e-95
-9.991041e-96
-8.130197e-96
-6.258446e-96
-4.429556e-96
-2.689816e-96
-1.077618e-96
3.767042e-97
1.650783e-96
2.729917e-96
3.606584e-96
4.279821e-96
4.754481e-96
5.040420e-96
5.151638e-96
5.105400e-96
4.921374e-96
4.620797e-96
4.225696e-96
3.758181e-96
3.239813e-96
2.691061e-96
2.130862e-96
1.576261e-96
1.042159e-96
5.411445e-97
8.340740e-98
-3.232639e-97
-6.734220e-97
-9.638403e-97
-1.193344e-96
-1.362603e-96
-1.473899e-96
-1.530874e-96
-1.538268e-96
-1.501658e-96
-1.427205e-96
-1.321412e-96
-1.190902e-96
-1.042220e-96
-8.816553e-97
-7.150977e-97
-5.479174e-97
-3.848758e-97
-2.300626e-97
-8.685945e-98
4.207191e-98
1.547807e-97
2.499987e-97
3.270961e-97
3.860249e-97
4.272522e-97
4.516869e-97
4.606031e-97
4.555612e-97
4.383311e-97
4.108182e-97
3.749937e-97
3.328320e-97
2.862550e-97
2.370841e-97
1.870010e-97
1.375166e-97
8.994893e-98
4.540842e-98
4.791027e-99
-3.122183e-98
-6.215737e-98
-8.774039e-98
-1.078779e-97
-1.226404e-97
-1.322411e-97
-1.370129e-97
-1.373853e-97
-1.338613e-97
-1.269943e-97
-1.173668e-97
-1.055710e-97
-9.219066e-98
-7.778589e-98
-6.288022e-98
-4.795012e-98
-3.341716e-98
-1.964259e-98
-6.924242e-99
4.504431e-99
1.447337e-98
2.287331e-98
2.965172e-98
3.480768e-98
3.838590e-98
4.047009e-98
4.117612e-98
4.064497e-98
3.903589e-98
3.651977e-98
3.327299e-98
2.947187e-98
2.528768e-98
2.088247e-98
1.640556e-98
1.199088e-98
7.754982e-99
3.795801e-99
1.920890e-100
-2.996558e-99
-5.729141e-99
-7.982233e-99
-9.748587e-99
-1.103546e-98
-1.186269e-98
-1.226071e-98
-1.226844e-98
-1.193120e-98
-1.129869e-98
-1.042309e-98
-9.357337e-99
-8.153495e-99
-6.861439e-99
-5.527698e-99
-4.194540e-99
-2.899287e-99
-1.673842e-99
-5.444275e-100
4.684846e-100
1.350080e-99
2.090954e-99
2.686748e-99
3.137678e-99
3.448000e-99
3.625416e-99
3.680456e-99
3.625855e-99
3.475936e-99
3.246024e-99
2.951900e-99
2.609305e-99
2.233502e-99
1.838906e-99
1.438774e-99
1.044976e-99
6.678164e-100
3.159313e-100
-3.759177e-102
-2.860454e-100
-5.273745e-100
-7.257569e-100
-8.806396e-100
-9.927540e-100
-1.063946e-99
-1.096992e-99
-1.095418e-99
-1.063306e-99
-1.005119e-99
-9.255328e-100
-8.292747e-100
-7.209899e-100
-6.051184e-100
-4.857951e-100
-3.667691e-100
-2.513440e-100
-1.423366e-100
-4.205542e-101
4.770524e-101
1.256555e-100
1.909870e-100
2.433399e-100
2.827602e-100
3.096511e-100
3.247203e-100
3.289244e-100
3.234133e-100
3.094748e-100
2.884833e-100
2.618502e-100
2.309808e-100
1.972350e-100
1.618949e-100
1.261376e-100
9.101452e-101
5.743681e-101
2.616582e-101
-2.190556e-102
-2.717711e-101
-4.848624e-101
-6.594939e-101
-7.952550e-101
-8.928735e-101
-9.540616e-101
-9.813538e-101
-9.779393e-101
-9.474964e-101
-8.940325e-101
-8.217329e-101
-7.348227e-101
-6.374441e-101
-5.335495e-101
-4.268128e-101
-3.205592e-101
-2.177122e-101
-1.207586e-101
-3.173011e-102
4.780118e-102
1.167128e-101
1.743111e-101
2.203007e-101
2.547463e-101
2.780285e-101
2.907969e-101
2.939201e-101
2.884358e-101
2.755021e-101
2.563508e-101
2.322445e-101
2.044373e-101
1.741409e-101
1.424954e-101
1.105457e-101
7.922329e-102
4.933349e-102
2.154742e-102
-3.601117e-103
-2.571453e-102
-4.452676e-102
-5.989537e-102
-7.179110e-102
-8.028553e-102
-8.553726e-102
-8.777733e-102
-8.729431e-102
-8.441943e-102
-7.951240e-102
-7.294792e-102
-6.510348e-102
-5.634841e-102
-4.703450e-102
-3.748815e-102
-2.800423e-102
-1.884142e-102
-1.021924e-102
-2.316419e-103
4.729330e-103
1.082040e-102
1.589736e-102
1.993613e-102
2.294457e-102
2.495852e-102
2.603754e-102
2.626042e-102
2.572082e-102
2.452283e-102
2.277685e-102
2.059580e-102
1.809159e-102
1.537217e-102
1.253891e-102
9.684556e-103
6.891615e-103
4.231253e-103
1.762613e-103
-4.674393e-104
-2.424198e-103
-4.084671e-103
-5.436858e-103
-6.478803e-103
-7.217483e-103
-7.667562e-103
-7.850090e-103
-7.791164e-103
-7.520606e-103
-7.070696e-103
-6.474978e-103
-5.767170e-103
-4.980200e-103
-4.145376e-103
-3.291694e-103
-2.445296e-103
-1.629069e-103
-8.623844e-104
-1.609646e-104
4.631336e-104
1.001428e-103
1.448834e-103
1.803407e-103
2.066034e-103
2.240077e-103
2.330990e-103
2.345923e-103
2.293321e-103
2.182540e-103
2.023473e-103
1.826216e-103
1.600756e-103
1.356707e-103
1.103082e-103
8.481122e-104
5.991042e-104
3.623462e-104
1.430491e-104
-5.467406e-105
-2.277952e-104
-3.743294e-104
-4.932689e-104
-5.844977e-104
-6.486902e-104
-6.872005e-104
-7.019449e-104
-6.952827e-104
-6.698983e-104
-6.286880e-104
-5.746540e-104
-5.108079e-104
-4.400850e-104
-3.652711e-104
-2.889416e-104
-2.134142e-104
-1.407135e-104
-7.254845e-105
-1.030172e-105
4.497149e-105
9.253464e-105
1.319533e-104
1.630723e-104
1.859872e-104
2.010124e-104
2.086472e-104
2.095396e-104
2.044512e-104
1.942226e-104
1.797404e-104
1.619069e-104
1.416134e-104
1.197159e-104
9.701578e-105
7.424327e-105
5.204548e-105
3.097792e-105
1.149955e-105
-6.028745e-106
-2.134291e-105
-3.427177e-105
-4.473103e-105
-5.271550e-105
-5.828998e-105
-6.157930e-105
-6.275784e-105
-6.203881e-105
-5.966377e-105
-5.589254e-105
-5.099377e-105
-4.523641e-105
-3.888210e-105
-3.217869e-105
-2.535492e-105
-1.861620e-105
-1.214160e-105
-6.081890e-106
-5.586059e-107
4.335934e-106
8.537816e-106
1.201001e-105
1.474027e-105
1.673859e-105
1.803433e-105
1.867311e-105
1.871366e-105
1.822465e-105
1.728158e-105
1.596387e-105
1.435219e-105
1.252603e-105
1.056164e-105
8.530224e-106
6.496588e-106
4.518021e-106
2.643587e-106
9.137055e-107
-6.399726e-107
-1.994432e-106
-3.134930e-106
-4.054443e-106
-4.752967e-106
-5.236694e-106
-5.517119e-106
-5.610096e-106
-5.534888e-106
-5.313227e-106
-4.968416e-106
-4.524493e-106
-4.005472e-106
-3.434672e-106
-2.834141e-106
-2.224190e-106
-1.623025e-106
-1.046481e-106
-5.078543e-107
-1.782701e-108
4.155279e-107
7.866689e-107
1.092446e-106
1.331909e-106
1.506080e-106
1.617691e-106
1.670912e-106
1.671062e-106
1.624329e-106
1.537493e-106
1.417669e-106
1.272066e-106
1.107776e-106
9.315849e-107
7.498240e-107
5.682403e-107
3.919059e-107
2.251535e-107
7.154189e-108
-6.615400e-108
-1.859294e-107
-2.865158e-107
-3.673313e-107
-4.284159e-107
-4.703586e-107
-4.942164e-107
-5.014301e-107
-4.937394e-107
-4.730989e-107
-4.415983e-107
-4.013881e-107
-3.546123e-107
-3.033486e-107
-2.495584e-107
-1.950450e-107
-1.414217e-107
-9.008855e-108
-4.221791e-108
1.251595e-109
3.961433e-108
7.239023e-108
9.931189e-108
1.203073e-107
1.354791e-107
1.450812e-107
1.494941e-107
1.491996e-107
1.447551e-107
1.367694e-107
1.258796e-107
1.127301e-107
9.795314e-108
8.215312e-108
6.589250e-108
4.968106e-108
3.396770e-108
1.913502e-108
5.496239e-109
-6.705424e-109
-1.729544e-108
-2.616485e-108
-3.326564e-108
-3.860502e-108
-4.223876e-108
-4.426394e-108
-4.481143e-108
-4.403830e-108
-4.212030e-108
-3.924479e-108
-3.560414e-108
-3.138972e-108
-2.678667e-108
-2.196941e-108
-1.709806e-108
-1.231553e-108
-7.745599e-109
-3.491618e-109
3.639678e-110
3.759508e-109
6.653447e-109
9.023147e-109
1.086331e-108
1.218412e-108
1.300911e-108
1.337301e-108
1.331940e-108
1.289849e-108
1.216495e-108
1.117583e-108
9.988671e-109
8.659888e-109
7.243266e-109
5.788784e-109
4.341650e-109
2.941593e-109
1.622384e-109
4.115895e-110
-6.694827e-110
-1.605648e-109
-2.387559e-109
-3.011283e-109
-3.477783e-109
-3.792320e-109
-3.963802e-109
-4.004111e-109
-3.927420e-109
-3.749531e-109
-3.487239e-109
-3.157749e-109
-2.778140e-109
-2.364907e-109
-1.933562e-109
-1.498315e-109
-1.071828e-109
-6.650405e-110
-2.870622e-110
5.486747e-111
3.553648e-110
6.108363e-110
8.193703e-110
9.805948e-110
1.095508e-109
1.166290e-109
1.196104e-109
1.188895e-109
1.149184e-109
1.081877e-109
9.920809e-110
8.849382e-110
7.654777e-110
6.384867e-110
5.084053e-110
3.792423e-110
2.545130e-110
1.371982e-110
2.972295e-111
-6.604659e-111
-1.487902e-110
-2.177071e-110
-2.724777e-110
-3.132164e-110
-3.404177e-110
-3.548983e-110
-3.577361e-110
-3.502100e-110
-3.337402e-110
-3.098320e-110
-2.800240e-110
-2.458403e-110
-2.087502e-110
-1.701329e-110
-1.312498e-110
-9.322229e-111
-5.701705e-111
-2.343688e-111
6.882734e-112
3.347188e-111
5.602009e-111
7.436645e-111
8.848668e-111
9.847783e-111
1.045414e-110
1.069657e-110
1.061072e-110
1.023731e-110
9.620353e-111
8.805572e-111
7.838897e-111
6.765160e-111
5.626967e-111
4.463759e-111
3.311076e-111
2.200018e-111
1.156889e-111
2.030180e-112
-6.452568e-112
-1.376465e-111
-1.983759e-111
-2.464564e-111
-2.820152e-111
-3.055161e-111
-3.177068e-111
-3.195650e-111
-3.122440e-111
-2.970202e-111
-2.752426e-111
-2.482865e-111
-2.175121e-111
-1.842280e-111
-1.496605e-111
-1.149287e-111
-8.102594e-112
-4.880627e-112
-1.897693e-112
7.904384e-113
3.142773e-112
5.132516e-112
6.746168e-112
7.982355e-112
8.850445e-112
9.369039e-112
9.564369e-112
9.468674e-112
9.118591e-112
8.553618e-112
7.814672e-112
6.942775e-112
5.977891e-112
4.957929e-112
3.917921e-112
2.889372e-112
1.899793e-112
9.723892e-113
1.259162e-113
-6.253287e-113
-1.271387e-112
-1.806412e-112
-2.228353e-112
-2.538571e-112
-2.741399e-112
-2.843680e-112
-2.854275e-112
-2.783585e-112
-2.643076e-112
-2.444834e-112
-2.201155e-112
-1.924174e-112
-1.625545e-112
-1.316168e-112
-1.005975e-112
-7.037591e-113
-4.170662e-113
-1.521255e-113
8.617052e-114
2.942474e-113
4.697954e-113
6.116863e-113
7.198675e-113
7.952381e-113
8.395123e-113
8.550765e-113
8.448438e-113
8.121111e-113
7.604213e-113
6.934360e-113
6.148183e-113
5.281302e-113
4.367446e-113
3.437724e-113
2.520062e-113
1.638789e-113
8.143757e-114
6.330833e-115
-6.019062e-114
-1.172628e-113
-1.643876e-113
-2.014040e-113
-2.284531e-113
-2.459394e-113
-2.544880e-113
-2.549020e-113
-2.481189e-113
-2.351686e-113
-2.171338e-113
-1.951136e-113
-1.701904e-113
-1.434021e-113
-1.157174e-113
-8.801742e-114
-6.108075e-114
-3.557379e-114
-1.204509e-114
9.076282e-115
2.747884e-114
4.296368e-114
5.543695e-114
6.490019e-114
7.143918e-114
7.521172e-114
7.643477e-114
7.537148e-114
7.231843e-114
6.759338e-114
6.152392e-114
5.443714e-114
4.665048e-114
3.846397e-114
3.015385e-114
2.196762e-114
1.412040e-114
6.792709e-115
1.294532e-116
-5.760020e-115
-1.080082e-114
-1.495058e-114
-1.819689e-114
-2.055411e-114
-2.205986e-114
-2.277125e-114
-2.276102e-114
-2.211363e-114
-2.092160e-114
-1.928188e-114
-1.729271e-114
-1.505064e-114
-1.264805e-114
-1.017106e-114
-7.697806e-115
-5.297227e-115
-3.028165e-115
-9.389121e-116
9.329162e-116
2.560191e-115
3.925807e-115
5.021994e-115
5.849443e-115
6.416302e-115
6.737077e-115
6.831482e-115
6.723282e-115
6.439148e-115
6.007577e-115
5.457873e-115
4.819235e-115
4.119951e-115
3.386709e-115
2.644033e-115
1.913854e-115
1.215191e-115
5.639618e-116
-2.710376e-117
-5.484485e-116
-9.935857e-116
-1.358922e-115
-1.643523e-115
-1.848826e-115
-1.978324e-115
-2.037231e-115
-2.032130e-115
-1.970633e-115
-1.861043e-115
-1.712046e-115
-1.532417e-115
-1.330769e-115
-1.115325e-115
-8.937382e-116
-6.729389e-116
-4.590277e-116
-2.572004e-116
-7.170727e-117
9.415509e-117
2.380254e-116
3.584346e-116
4.547430e-116
5.270614e-116
5.761608e-116
6.033729e-116
6.104884e-116
5.996523e-116
5.732629e-116
5.338751e-116
4.841100e-116
4.265740e-116
3.637874e-116
2.981237e-116
2.317601e-116
1.666394e-116
1.044430e-116
4.657406e-117
-5.849433e-118
-5.199253e-117
-9.129388e-117
-1.234495e-116
-1.483913e-116
-1.662614e-116
-1.773837e-116
-1.822335e-116
-1.814067e-116
-1.755887e-116
-1.655251e-116
-1.519934e-116
-1.357777e-116
-1.176461e-116
-9.833041e-117
-7.851063e-117
-5.880140e-117
-3.974257e-117
-2.179277e-117
-5.326020e-118
9.368897e-118
2.208658e-117
3.270104e-117
4.115998e-117
4.747765e-117
5.172670e-117
5.402931e-117
5.454800e-117
5.347635e-117
5.102997e-117
4.743785e-117
4.293442e-117
3.775231e-117
3.211602e-117
2.623662e-117
2.030736e-117
1.450035e-117
8.964191e-118
3.822538e-118
-8.264334e-119
-4.909824e-118
-8.379100e-118
-1.120861e-117
-1.339365e-117
-1.494813e-117
-1.590202e-117
-1.629864e-117
-1.619188e-117
-1.564347e-117
-1.472032e-117
-1.349203e-117
-1.202866e-117
-1.039868e-117
-8.667237e-118
-6.894727e-118
-5.135654e-118
-3.437783e-118
-1.841592e-118
-3.799832e-119
9.217541e-119
2.045764e-118
2.981260e-118
3.723999e-118
4.275641e-118
4.643010e-118
4.837302e-118
4.873261e-118
4.768353e-118
4.541954e-118
4.214589e-118
3.807218e-118
3.340601e-118
2.834736e-118
2.308391e-118
1.778715e-118
1.260953e-118
7.682347e-119
3.114576e-119
-1.007616e-119
-4.620605e-119
-7.682473e-119
-1.017165e-118
-1.208514e-118
-1.343645e-118
-1.425327e-118
-1.457505e-118
-1.445053e-118
-1.393526e-118
-1.308929e-118
-1.197493e-118
-1.065474e-118
-9.189761e-119
-7.637975e-119
-6.053028e-119
-4.483241e-119
-2.970868e-119
-1.551628e-119
-2.544572e-120
8.985069e-120
1.891754e-119
2.716062e-119
3.368023e-119
3.849462e-119
4.166770e-119
4.330199e-119
4.353119e-119
4.251279e-119
4.042092e-119
3.743950e-119
3.375592e-119
2.955541e-119
2.501609e-119
2.030479e-119
1.557371e-119
1.095784e-119
6.573203e-120
2.515778e-120
-1.138817e-120
-4.335085e-120
-7.036860e-120
-9.226063e-120
-1.090110e-119
-1.207498e-119
-1.277325e-119
-1.303183e-119
-1.289475e-119
-1.241203e-119
-1.163753e-119
-1.062701e-119
-9.436354e-120
-8.119965e-120
-6.729435e-120
-5.312410e-120
-3.911724e-120
-2.564752e-120
-1.303005e-120
-1.519240e-121
8.691187e-121
1.746660e-120
2.472831e-120
3.044927e-120
3.464879e-120
3.738661e-120
3.875649e-120
3.887959e-120
3.789794e-120
3.596796e-120
3.325441e-120
2.992483e-120
2.614446e-120
2.207193e-120
1.785552e-120
1.363029e-120
9.515755e-121
5.614397e-121
2.010760e-121
-1.228827e-121
-4.055983e-121
-6.439539e-121
-8.364401e-121
-9.830103e-121
-1.084911e-120
-1.144496e-120
-1.165031e-120
-1.150497e-120
-1.105392e-120
-1.034549e-120
-9.429566e-121
-8.356049e-121
-7.173432e-121
-5.927612e-121
-4.660902e-121
-3.411264e-121
-2.211753e-121
-1.090162e-121
-6.885504e-123
8.352255e-122
1.610401e-121
2.249971e-121
2.751821e-121
3.117942e-121
3.353904e-121
3.468274e-121
3.472031e-121
3.377976e-121
3.200157e-121
2.953335e-121
2.652483e-121
2.312342e-121
1.947035e-121
1.569744e-121
1.192448e-121
8.257291e-122
4.786380e-122
1.586191e-122
-1.285112e-122
-3.785374e-122
-5.887764e-122
-7.579739e-122
-8.861732e-122
-9.745622e-122
-1.025307e-121
-1.041376e-121
-1.026364e-121
-9.843190e-122
-9.195739e-122
-8.365929e-122
-7.398309e-122
-6.336094e-122
-5.220111e-122
-4.087932e-122
-2.973199e-122
-1.905139e-122
-9.082607e-123
-2.217661e-125
7.981779e-123
1.482805e-122
2.045969e-122
2.486048e-122
2.805060e-122
3.008184e-122
3.103242e-122
3.100179e-122
3.010527e-122
2.846904e-122
2.622528e-122
2.350781e-122
2.044811e-122
1.717191e-122
1.379636e-122
1.042771e-122
7.159643e-123
4.072071e-123
1.230528e-123
-1.313997e-123
-3.524797e-123
-5.378804e-123
-6.865651e-123
-7.986474e-123
-8.752546e-123
-9.183770e-123
-9.307120e-123
-9.155057e-123
-8.763978e-123
-8.172737e-123
-7.421271e-123
-6.549346e-123
-5.595472e-123
-4.595961e-123
-3.584169e-123
-2.589905e-123
-1.639008e-123
-7.530882e-124
5.059081e-125
7.590844e-124
1.363628e-123
1.859395e-123
2.245172e-123
2.522974e-123
2.697606e-123
2.776208e-123
2.767779e-123
2.682711e-123
2.532330e-123
2.328474e-123
2.083099e-123
1.807931e-123
1.514164e-123
1.212205e-123
9.114798e-124
6.202779e-124
3.456551e-124
9.337891e-125
-1.320826e-124
-3.275348e-124
-4.909974e-124
-6.216183e-124
-7.195660e-124
-7.859054e-124
-8.224638e-124
-8.316906e-124
-8.165158e-124
-7.802120e-124
-7.262624e-124
-6.582389e-124
-5.796913e-124
-4.940503e-124
-4.045454e-124
-3.141375e-124
-2.254675e-124
-1.408195e-124
-6.209824e-125
9.180080e-126
7.188478e-125
1.252576e-124
1.688904e-124
2.026959e-124
2.268725e-124
2.418657e-124
2.483264e-124
2.470689e-124
2.390290e-124
2.252234e-124
2.067121e-124
1.845632e-124
1.598224e-124
1.334858e-124
1.064782e-124
7.963549e-125
5.369113e-125
2.926796e-125
6.873455e-126
-1.310102e-125
-3.037761e-125
-4.478656e-125
-5.625833e-125
-6.481389e-125
-7.055352e-125
-7.364480e-125
-7.431002e-125
-7.281357e-125
-6.944963e-125
-6.453043e-125
-5.837538e-125
-5.130128e-125
-4.361377e-125
-3.560001e-125
-2.752282e-125
-1.961611e-125
-1.208175e-125
-5.087606e-126
1.233206e-126
6.781973e-126
1.149315e-125
1.533234e-125
1.829360e-125
2.039632e-125
2.168168e-125
2.220901e-125
2.205195e-125
2.129476e-125
2.002870e-125
1.834863e-125
1.634999e-125
1.412599e-125
1.176530e-125
9.350075e-126
6.954410e-126
4.643212e-126
2.471445e-126
4.837497e-127
-1.285605e-126
-2.812471e-126
-4.082317e-126
-5.089519e-126
-5.836471e-126
-6.332588e-126
-6.593223e-126
-6.638540e-126
-6.492389e-126
-6.181208e-126
-5.732979e-126
-5.176262e-126
-4.539327e-126
-3.849398e-126
-3.132006e-126
-2.410475e-126
-1.705524e-126
-1.034989e-126
-4.136590e-127
1.467802e-127
6.377155e-127
1.053488e-126
1.391205e-126
1.650504e-126
1.833261e-126
1.943281e-126
1.985964e-126
1.967971e-126
1.896884e-126
1.780892e-126
1.628487e-126
1.448193e-126
1.248318e-126
1.036753e-126
8.207963e-127
6.070158e-127
4.011534e-127
2.080589e-127
3.165791e-128
-1.250499e-127
-2.599673e-127
-3.718527e-127
-4.602555e-127
-5.254362e-127
-5.682761e-127
-5.901802e-127
-5.929769e-127
-5.788171e-127
-5.500761e-127
-5.092613e-127
-4.589260e-127
-4.015927e-127
-3.396857e-127
-2.754749e-127
-2.110299e-127
-1.481853e-127
-8.851709e-128
-3.332793e-128
1.635690e-128
5.978618e-128
9.647177e-128
1.261716e-127
1.488678e-127
1.647409e-127
1.741418e-127
1.775621e-127
1.756035e-127
1.689485e-127
1.583318e-127
1.445132e-127
1.282540e-127
1.102948e-127
9.133772e-128
7.203077e-128
5.295626e-128
3.462203e-128
1.745590e-128
1.803017e-129
-1.207419e-128
-2.399369e-128
-3.384961e-128
-4.160629e-128
-4.729113e-128
-5.098641e-128
-5.282062e-128
-5.295945e-128
-5.159682e-128
-4.894611e-128
-4.523196e-128
-4.068259e-128
-3.552305e-128
-2.996923e-128
-2.422287e-128
-1.846762e-128
-1.286591e-128
-7.556931e-129
-2.655423e-129
1.748689e-129
5.589924e-129
8.826223e-129
1.143740e-128
1.342317e-128
1.480079e-128
1.560259e-128
1.587326e-128
1.566718e-128
1.504575e-128
1.407486e-128
1.282251e-128
1.135666e-128
9.743336e-129
8.044984e-129
6.319156e-129
4.617461e-129
2.984807e-129
1.458927e-129
7.015833e-131
-1.158548e-129
-2.211407e-129
-3.079407e-129
-3.759773e-129
-4.255316e-129
-4.573700e-129
-4.726667e-129
-4.729226e-129
-4.598853e-129
-4.354714e-129
-4.016930e-129
-3.605900e-129
-3.141696e-129
-2.643541e-129
-2.129368e-129
-1.615466e-129
-1.116215e-129
-6.439074e-130
-2.086465e-130
1.816834e-130
5.213774e-130
8.068164e-130
1.036325e-129
1.209993e-129
1.329464e-129
1.397710e-129
1.418795e-129
1.397629e-129
1.339736e-129
1.251023e-129
1.137576e-129
1.005461e-129
8.605610e-130
7.084323e-130
5.541845e-130
4.023907e-130
2.570218e-130
1.214050e-130
-1.793973e-132
-1.105688e-130
-2.035517e-130
-2.799775e-130
-3.396345e-130
-3.828060e-130
-4.102046e-130
-4.229023e-130
-4.222580e-130
-4.098466e-130
-3.873888e-130
-3.566868e-130
-3.195635e-130
-2.778091e-130
-2.331350e-130
-1.871347e-130
-1.412531e-130
-9.676309e-131
-5.475005e-131
-1.610326e-131
1.848617e-131
4.852153e-131
7.369181e-131
9.385872e-131
1.090404e-130
1.193928e-130
1.251888e-130
1.267977e-130
1.246628e-130
1.192808e-130
1.111814e-130
1.009088e-130
8.900477e-131
7.599340e-131
6.236883e-131
4.858471e-131
3.504622e-131
2.210441e-131
1.005262e-131
-8.750032e-133
-1.050314e-131
-1.871338e-131
-2.544089e-131
-3.066999e-131
-3.442886e-131
-3.678360e-131
-3.783199e-131
-3.769706e-131
-3.652064e-131
-3.445724e-131
-3.166821e-131
-2.831644e-131
-2.456158e-131
-2.055596e-131
-1.644119e-131
-1.234540e-131
-8.381233e-132
-4.644522e-132
-1.213522e-132
1.851211e-132
4.506459e-132
6.725528e-132
8.497075e-132
9.823629e-132
1.071990e-131
1.121096e-131
1.133032e-131
1.111798e-131
1.061861e-131
9.879699e-132
8.949918e-132
7.877612e-132
6.709484e-132
5.489473e-132
4.257848e-132
3.050506e-132
1.898474e-132
8.276083e-133
-1.415283e-133
-9.936248e-133
-1.718439e-132
-2.310494e-132
-2.768674e-132
-3.095749e-132
-3.297841e-132
-3.383867e-132
-3.364953e-132
-3.253875e-132
-3.064500e-132
-2.811275e-132
-2.508751e-132
-2.171164e-132
-1.812073e-132
-1.444057e-132
-1.078479e-132
-7.253072e-133
-3.929992e-133
-8.844033e-134
1.830655e-133
4.177601e-133
6.133562e-133
7.689300e-133
8.847878e-133
9.623140e-133
1.003807e-132
1.012306e-132
9.914234e-133
9.451723e-133
8.778096e-133
7.936878e-133
6.971213e-133
5.922703e-133
4.830421e-133
3.730106e-133
2.653554e-133
1.628186e-133
6.767858e-134
-1.825935e-134
-9.365866e-134
-1.576343e-133
-2.097249e-133
-2.498561e-133
-2.782979e-133
-2.956164e-133
-3.026236e-133
-3.003260e-133
-2.898738e-133
-2.725114e-133
-2.495320e-133
-2.222355e-133
-1.918910e-133
-1.597052e-133
-1.267955e-133
-9.416950e-134
-6.270899e-134
-3.316032e-134
-6.129163e-135
1.792012e-134
3.866096e-134
5.589766e-134
6.955566e-134
7.966944e-134
8.636886e-134
8.986441e-134
9.043184e-134
8.839687e-134
8.412020e-134
7.798331e-134
7.037535e-134
6.168133e-134
5.227177e-134
4.249406e-134
3.266537e-134
2.306730e-134
1.394212e-134
5.490574e-135
-2.128897e-135
-8.799685e-135
-1.444539e-134
-1.902727e-134
-2.254095e-134
-2.501252e-134
-2.649423e-134
-2.706003e-134
-2.680091e-134
-2.582038e-134
-2.423011e-134
-2.214583e-134
-1.968364e-134
-1.695669e-134
-1.407233e-134
-1.112984e-134
-8.218506e-135
-5.416354e-135
-2.789231e-135
-3.903935e-136
1.739516e-135
3.572140e-135
5.090766e-135
6.289439e-135
7.171871e-135
7.750211e-135
8.043716e-135
8.077389e-135
7.880600e-135
7.485756e-135
6.927038e-135
6.239235e-135
5.456697e-135
4.612425e-135
3.737298e-135
2.859459e-135
2.003845e-135
1.191858e-135
4.411813e-136
-2.342860e-136
-8.243747e-136
-1.322497e-135
-1.725412e-135
-2.032929e-135
-2.247553e-135
-2.374103e-135
-2.419305e-135
-2.391383e-135
-2.360250e-135
