-9.312702e+02
-1.267233e+03
-1.765818e+03
-2.528480e+03
-3.735791e+03
-5.722244e+03
-9.133162e+03
-1.525850e+04
-2.671302e+04
-4.849225e+04
-8.716951e+04
-1.335426e+05
-1.078452e+05
4.945865e+04
1.391635e+05
1.084214e+05
6.274288e+04
3.438712e+04
1.929043e+04
1.131441e+04
6.954623e+03
4.463770e+03
2.976678e+03
2.052203e+03
1.456345e+03
1.059827e+03
7.884206e+02
5.979666e+02
4.613361e+02
3.613726e+02
2.869387e+02
2.306319e+02
1.874262e+02
1.538422e+02
1.274284e+02
1.064299e+02
8.957121e+01
7.591322e+01
6.475547e+01
5.556960e+01
4.795275e+01
4.159469e+01
3.625431e+01
3.174260e+01
2.791020e+01
2.463819e+01
2.183120e+01
1.941224e+01
1.731878e+01
1.549970e+01
1.391302e+01
1.252403e+01
1.130395e+01
1.022873e+01
9.278242e+00
