-7.955276e+03
-1.311374e+04
-2.266047e+04
-4.081067e+04
-7.420873e+04
-1.222464e+05
-1.302200e+05
3.959706e-11
1.302200e+05
1.222464e+05
7.420873e+04
4.081067e+04
2.266047e+04
1.311374e+04
7.955276e+03
5.045805e+03
3.329995e+03
2.275136e+03
1.601924e+03
1.157821e+03
8.561741e+02
6.459352e+02
4.960200e+02
3.869265e+02
3.060857e+02
2.451975e+02
1.986595e+02
1.626141e+02
1.343564e+02
1.119586e+02
9.402547e+01
7.953345e+01
6.772177e+01
5.801839e+01
4.998845e+01
4.329799e+01
3.768814e+01
3.295645e+01
2.894328e+01
2.552182e+01
2.259054e+01
2.006766e+01
1.788686e+01
1.599404e+01
1.434478e+01
1.290249e+01
1.163679e+01
1.052239e+01
9.538125e+00
8.666186e+00
7.891553e+00
7.201493e+00
6.585173e+00
6.033344e+00
5.538081e+00
