1.373594e+05
9.410417e+04
5.286046e+04
2.903861e+04
1.648306e+04
9.799678e+03
6.101386e+03
3.961210e+03
2.668079e+03
1.855482e+03
1.326713e+03
9.718671e+02
7.271736e+02
5.543318e+02
4.296092e+02
3.378801e+02
2.692570e+02
2.171264e+02
1.769720e+02
1.456513e+02
1.209396e+02
1.012371e+02
8.537677e+01
7.249603e+01
6.194937e+01
5.324833e+01
4.601939e+01
3.997414e+01
3.488787e+01
3.058402e+01
2.692272e+01
2.379242e+01
2.110345e+01
1.878332e+01
1.677303e+01
1.502429e+01
1.349735e+01
1.215934e+01
1.098291e+01
9.945232e+00
9.027141e+00
8.212488e+00
7.487612e+00
6.840907e+00
6.262481e+00
5.743870e+00
5.277808e+00
4.858038e+00
4.479154e+00
4.136472e+00
3.825922e+00
3.543959e+00
3.287482e+00
3.053780e+00
2.840468e+00
