-4.296092e+02
-5.543318e+02
-7.271736e+02
-9.718671e+02
-1.326713e+03
-1.855482e+03
-2.668079e+03
-3.961210e+03
-6.101386e+03
-9.799678e+03
-1.648306e+04
-2.903861e+04
-5.286046e+04
-9.410417e+04
-1.373594e+05
-9.140318e+04
7.176484e+04
1.393862e+05
1.012310e+05
5.760600e+04
3.158964e+04
1.782309e+04
1.052480e+04
6.511216e+03
4.203381e+03
2.817221e+03
1.950802e+03
1.389669e+03
1.014671e+03
7.570316e+02
5.756374e+02
4.451223e+02
3.493814e+02
2.779232e+02
2.237525e+02
1.821058e+02
1.496770e+02
1.241312e+02
1.037930e+02
8.744267e+01
7.418011e+01
6.333305e+01
5.439353e+01
4.697367e+01
4.077438e+01
3.556291e+01
3.115659e+01
2.741092e+01
2.421070e+01
2.146348e+01
1.909455e+01
1.704318e+01
1.525968e+01
1.370322e+01
1.234000e+01
