-2.397715e+03
-3.525791e+03
-5.371174e+03
-8.519956e+03
-1.413864e+04
-2.459310e+04
-4.448278e+04
-8.051773e+04
-1.283735e+05
-1.208028e+05
2.523210e+04
1.362410e+05
1.155017e+05
6.827813e+04
3.745317e+04
2.089812e+04
1.217499e+04
7.434799e+03
4.743987e+03
3.147295e+03
2.160147e+03
1.527002e+03
1.107488e+03
8.214345e+02
6.213782e+02
4.782885e+02
3.738788e+02
2.963202e+02
2.377761e+02
1.929412e+02
1.581525e+02
1.308353e+02
1.091506e+02
9.176468e+01
7.769707e+01
6.621792e+01
5.677754e+01
4.895741e+01
4.243568e+01
3.696255e+01
3.234242e+01
2.842089e+01
2.507515e+01
2.220682e+01
1.973656e+01
1.759996e+01
1.574445e+01
1.412684e+01
1.271150e+01
1.146886e+01
1.037427e+01
9.407063e+00
8.549887e+00
7.788067e+00
7.109164e+00
