-2.237525e+02
-2.779232e+02
-3.493814e+02
-4.451223e+02
-5.756374e+02
-7.570316e+02
-1.014671e+03
-1.389669e+03
-1.950802e+03
-2.817221e+03
-4.203381e+03
-6.511216e+03
-1.052480e+04
-1.782309e+04
-3.158964e+04
-5.760600e+04
-1.012310e+05
-1.393862e+05
-7.176484e+04
9.140318e+04
1.373594e+05
9.410417e+04
5.286046e+04
2.903861e+04
1.648306e+04
9.799678e+03
6.101386e+03
3.961210e+03
2.668079e+03
1.855482e+03
1.326713e+03
9.718671e+02
7.271736e+02
5.543318e+02
4.296092e+02
3.378801e+02
2.692570e+02
2.171264e+02
1.769720e+02
1.456513e+02
1.209396e+02
1.012371e+02
8.537677e+01
7.249603e+01
6.194937e+01
5.324833e+01
4.601939e+01
3.997414e+01
3.488787e+01
3.058402e+01
2.692272e+01
2.379242e+01
2.110345e+01
1.878332e+01
1.677303e+01
