-3.505826e+00
-3.783968e+00
-4.090228e+00
-4.428084e+00
-4.801525e+00
-5.215142e+00
-5.674229e+00
-6.184913e+00
-6.754306e+00
-7.390687e+00
-8.103729e+00
-8.904772e+00
-9.807161e+00
-1.082666e+01
-1.198196e+01
-1.329533e+01
-1.479341e+01
-1.650821e+01
-1.847840e+01
-2.075093e+01
-2.338312e+01
-2.644533e+01
-3.002451e+01
-3.422875e+01
-3.919340e+01
-4.508916e+01
-5.213303e+01
-6.060316e+01
-7.085933e+01
-8.337132e+01
-9.875901e+01
-1.178494e+02
-1.417594e+02
-1.720170e+02
-2.107424e+02
-2.609239e+02
-3.268451e+02
-4.147609e+02
-5.339944e+02
-6.987586e+02
-9.312702e+02
-1.267233e+03
-1.765818e+03
-2.528480e+03
-3.735791e+03
-5.722244e+03
-9.133162e+03
-1.525850e+04
-2.671302e+04
-4.849225e+04
-8.716951e+04
-1.335426e+05
-1.078452e+05
4.945865e+04
1.391635e+05
