-2.338312e+01
-2.644533e+01
-3.002451e+01
-3.422875e+01
-3.919340e+01
-4.508916e+01
-5.213303e+01
-6.060316e+01
-7.085933e+01
-8.337132e+01
-9.875901e+01
-1.178494e+02
-1.417594e+02
-1.720170e+02
-2.107424e+02
-2.609239e+02
-3.268451e+02
-4.147609e+02
-5.339944e+02
-6.987586e+02
-9.312702e+02
-1.267233e+03
-1.765818e+03
-2.528480e+03
-3.735791e+03
-5.722244e+03
-9.133162e+03
-1.525850e+04
-2.671302e+04
-4.849225e+04
-8.716951e+04
-1.335426e+05
-1.078452e+05
4.945865e+04
1.391635e+05
1.084214e+05
6.274288e+04
3.438712e+04
1.929043e+04
1.131441e+04
6.954623e+03
4.463770e+03
2.976678e+03
2.052203e+03
1.456345e+03
1.059827e+03
7.884206e+02
5.979666e+02
4.613361e+02
3.613726e+02
2.869387e+02
2.306319e+02
1.874262e+02
1.538422e+02
1.274284e+02
