-4.377739e+00
-4.745831e+00
-5.153401e+00
-5.605639e+00
-6.108542e+00
-6.669070e+00
-7.295324e+00
-7.996762e+00
-8.784468e+00
-9.671475e+00
-1.067317e+01
-1.180780e+01
-1.309707e+01
-1.456694e+01
-1.624858e+01
-1.817963e+01
-2.040573e+01
-2.298257e+01
-2.597845e+01
-2.947771e+01
-3.358508e+01
-3.843158e+01
-4.418226e+01
-5.104670e+01
-5.929322e+01
-6.926841e+01
-8.142422e+01
-9.635604e+01
-1.148570e+02
-1.379962e+02
-1.672333e+02
-2.045901e+02
-2.529089e+02
-3.162540e+02
-4.005439e+02
-5.145733e+02
-6.717047e+02
-8.927474e+02
-1.211005e+03
-1.681419e+03
-2.397715e+03
-3.525791e+03
-5.371174e+03
-8.519956e+03
-1.413864e+04
-2.459310e+04
-4.448278e+04
-8.051773e+04
-1.283735e+05
-1.208028e+05
2.523210e+04
1.362410e+05
1.155017e+05
6.827813e+04
3.745317e+04
