-3.358508e+01
-3.843158e+01
-4.418226e+01
-5.104670e+01
-5.929322e+01
-6.926841e+01
-8.142422e+01
-9.635604e+01
-1.148570e+02
-1.379962e+02
-1.672333e+02
-2.045901e+02
-2.529089e+02
-3.162540e+02
-4.005439e+02
-5.145733e+02
-6.717047e+02
-8.927474e+02
-1.211005e+03
-1.681419e+03
-2.397715e+03
-3.525791e+03
-5.371174e+03
-8.519956e+03
-1.413864e+04
-2.459310e+04
-4.448278e+04
-8.051773e+04
-1.283735e+05
-1.208028e+05
2.523210e+04
1.362410e+05
1.155017e+05
6.827813e+04
3.745317e+04
2.089812e+04
1.217499e+04
7.434799e+03
4.743987e+03
3.147295e+03
2.160147e+03
1.527002e+03
1.107488e+03
8.214345e+02
6.213782e+02
4.782885e+02
3.738788e+02
2.963202e+02
2.377761e+02
1.929412e+02
1.581525e+02
1.308353e+02
1.091506e+02
9.176468e+01
7.769707e+01
