-1.282776e+01
-1.491871e+01
-1.745363e+01
-2.055060e+01
-2.436605e+01
-2.910961e+01
-3.506592e+01
-4.262684e+01
-5.234029e+01
-6.498544e+01
-8.169137e+01
-1.041287e+02
-1.348282e+02
-1.777257e+02
-2.391299e+02
-3.295080e+02
-4.669361e+02
-6.841357e+02
-1.043760e+03
-1.674237e+03
-2.862092e+03
-5.319700e+03
-1.109259e+04
-2.736996e+04
-8.838138e+04
-3.954071e+05
8.374750e+04
-1.766206e-12
-8.374750e+04
3.954071e+05
8.838138e+04
2.736996e+04
1.109259e+04
5.319700e+03
2.862092e+03
1.674237e+03
1.043760e+03
6.841357e+02
4.669361e+02
3.295080e+02
2.391299e+02
1.777257e+02
1.348282e+02
1.041287e+02
8.169137e+01
6.498544e+01
5.234029e+01
4.262684e+01
3.506592e+01
2.910961e+01
2.436605e+01
2.055060e+01
1.745363e+01
1.491871e+01
1.282776e+01
