8.267353e+01
9.553939e+01
1.109794e+02
1.296290e+02
1.523118e+02
1.801046e+02
2.144290e+02
2.571803e+02
3.109131e+02
3.791084e+02
4.665656e+02
5.799836e+02
7.288294e+02
9.266519e+02
1.193082e+03
1.556882e+03
2.060571e+03
2.767261e+03
3.770181e+03
5.203964e+03
7.251559e+03
1.012488e+04
1.395778e+04
1.847948e+04
2.232733e+04
2.235309e+04
1.478906e+04
-1.909188e-13
-1.478906e+04
-2.235309e+04
-2.232733e+04
-1.847948e+04
-1.395778e+04
-1.012488e+04
-7.251559e+03
-5.203964e+03
-3.770181e+03
-2.767261e+03
-2.060571e+03
-1.556882e+03
-1.193082e+03
-9.266519e+02
-7.288294e+02
-5.799836e+02
-4.665656e+02
-3.791084e+02
-3.109131e+02
-2.571803e+02
-2.144290e+02
-1.801046e+02
-1.523118e+02
-1.296290e+02
-1.109794e+02
-9.553939e+01
-8.267353e+01
