-9.212640e+01
-1.062610e+02
-1.231722e+02
-1.435293e+02
-1.681945e+02
-1.982862e+02
-2.352686e+02
-2.810750e+02
-3.382816e+02
-4.103544e+02
-5.020005e+02
-6.196751e+02
-7.723116e+02
-9.723793e+02
-1.237402e+03
-1.592111e+03
-2.071369e+03
-2.723852e+03
-3.615733e+03
-4.831730e+03
-6.465900e+03
-8.584022e+03
-1.112199e+04
-1.367619e+04
-1.521582e+04
-1.404542e+04
-8.731222e+03
-1.708740e-12
8.731222e+03
1.404542e+04
1.521582e+04
1.367619e+04
1.112199e+04
8.584022e+03
6.465900e+03
4.831730e+03
3.615733e+03
2.723852e+03
2.071369e+03
1.592111e+03
1.237402e+03
9.723793e+02
7.723116e+02
6.196751e+02
5.020005e+02
4.103544e+02
3.382816e+02
2.810750e+02
2.352686e+02
1.982862e+02
1.681945e+02
1.435293e+02
1.231722e+02
1.062610e+02
9.212640e+01
