3.794973e+01
4.408746e+01
5.151547e+01
6.057271e+01
7.170652e+01
8.551394e+01
1.028017e+02
1.246744e+02
1.526669e+02
1.889463e+02
2.366258e+02
3.002664e+02
3.866950e+02
5.063783e+02
6.758022e+02
9.217352e+02
1.289168e+03
1.856766e+03
2.768448e+03
4.301691e+03
7.024860e+03
1.218578e+04
2.274235e+04
4.624720e+04
1.025554e+05
2.323240e+05
3.655190e+05
-2.784627e-11
-3.655190e+05
-2.323240e+05
-1.025554e+05
-4.624720e+04
-2.274235e+04
-1.218578e+04
-7.024860e+03
-4.301691e+03
-2.768448e+03
-1.856766e+03
-1.289168e+03
-9.217352e+02
-6.758022e+02
-5.063783e+02
-3.866950e+02
-3.002664e+02
-2.366258e+02
-1.889463e+02
-1.526669e+02
-1.246744e+02
-1.028017e+02
-8.551394e+01
-7.170652e+01
-6.057271e+01
-5.151547e+01
-4.408746e+01
-3.794973e+01
