1.084925e+02
1.245879e+02
1.437094e+02
1.665466e+02
1.939737e+02
2.271045e+02
2.673681e+02
3.166084e+02
3.772185e+02
4.523206e+02
5.460069e+02
6.636586e+02
8.123605e+02
1.001424e+03
1.243002e+03
1.552725e+03
1.950113e+03
2.458229e+03
3.101367e+03
3.898452e+03
4.848196e+03
5.900781e+03
6.913400e+03
7.601627e+03
7.534241e+03
6.259239e+03
3.607068e+03
5.882301e-13
-3.607068e+03
-6.259239e+03
-7.534241e+03
-7.601627e+03
-6.913400e+03
-5.900781e+03
-4.848196e+03
-3.898452e+03
-3.101367e+03
-2.458229e+03
-1.950113e+03
-1.552725e+03
-1.243002e+03
-1.001424e+03
-8.123605e+02
-6.636586e+02
-5.460069e+02
-4.523206e+02
-3.772185e+02
-3.166084e+02
-2.673681e+02
-2.271045e+02
-1.939737e+02
-1.665466e+02
-1.437094e+02
-1.245879e+02
-1.084925e+02
