6.152214e+01
7.131911e+01
8.313510e+01
9.748751e+01
1.150541e+02
1.367322e+02
1.637226e+02
1.976523e+02
2.407540e+02
2.961349e+02
3.681856e+02
4.632126e+02
5.904378e+02
7.636092e+02
1.003656e+03
1.343168e+03
1.834120e+03
2.561522e+03
3.667954e+03
5.398154e+03
8.179019e+03
1.275349e+04
2.035096e+04
3.263423e+04
5.015330e+04
6.584570e+04
5.521133e+04
3.547881e-12
-5.521133e+04
-6.584570e+04
-5.015330e+04
-3.263423e+04
-2.035096e+04
-1.275349e+04
-8.179019e+03
-5.398154e+03
-3.667954e+03
-2.561522e+03
-1.834120e+03
-1.343168e+03
-1.003656e+03
-7.636092e+02
-5.904378e+02
-4.632126e+02
-3.681856e+02
-2.961349e+02
-2.407540e+02
-1.976523e+02
-1.637226e+02
-1.367322e+02
-1.150541e+02
-9.748751e+01
-8.313510e+01
-7.131911e+01
-6.152214e+01
