-7.244715e+01
-8.386243e+01
-9.759847e+01
-1.142399e+02
-1.345488e+02
-1.595284e+02
-1.905126e+02
-2.292958e+02
-2.783196e+02
-3.409494e+02
-4.218869e+02
-5.277967e+02
-6.682719e+02
-8.573469e+02
-1.115904e+03
-1.475560e+03
-1.985000e+03
-2.720379e+03
-3.802217e+03
-5.421840e+03
-7.878301e+03
-1.161240e+04
-1.716710e+04
-2.482680e+04
-3.334120e+04
-3.734859e+04
-2.710354e+04
5.038544e-12
2.710354e+04
3.734859e+04
3.334120e+04
2.482680e+04
1.716710e+04
1.161240e+04
7.878301e+03
5.421840e+03
3.802217e+03
2.720379e+03
1.985000e+03
1.475560e+03
1.115904e+03
8.573469e+02
6.682719e+02
5.277967e+02
4.218869e+02
3.409494e+02
2.783196e+02
2.292958e+02
1.905126e+02
1.595284e+02
1.345488e+02
1.142399e+02
9.759847e+01
8.386243e+01
7.244715e+01
