-3.312923e-14
-5.006836e-13
1.894705e-13
-1.702305e-13
-3.316433e-13
-9.970159e-14
1.198503e-12
-1.488825e-13
1.560266e-13
-7.930521e-13
-4.752620e-13
-7.761362e-13
2.946778e-12
-3.799064e-14
2.856976e-12
8.418296e-13
-4.566880e-13
-3.132759e-12
3.365310e-12
-2.596584e-12
-3.775454e-12
6.901149e-12
1.147268e-11
-2.087732e-11
2.379195e-11
-2.552169e-11
2.581016e-11
3.748452e-11
-4.874967e-11
-5.472734e-11
-1.413988e-11
-1.495293e-11
1.004536e-11
-8.951995e-12
3.557362e-12
-1.191731e-12
-3.493603e-12
-3.526236e-12
-8.935263e-13
5.534236e-13
-1.625884e-12
8.533240e-13
1.415111e-12
4.571358e-13
5.586103e-13
-9.454712e-13
-6.309504e-14
3.028502e-13
9.352191e-15
-1.253072e-12
-1.641471e-13
5.598860e-13
-5.606096e-14
5.566660e-13
2.632758e-13
