1.007469e+02
1.159594e+02
1.340988e+02
1.558524e+02
1.820983e+02
2.139666e+02
2.529221e+02
3.008783e+02
3.603531e+02
4.346851e+02
5.283328e+02
6.472900e+02
7.996588e+02
9.964326e+02
1.252536e+03
1.588145e+03
2.030175e+03
2.613539e+03
3.380955e+03
4.378436e+03
5.640286e+03
7.152440e+03
8.779608e+03
1.015467e+04
1.059124e+04
9.207046e+03
5.478011e+03
-6.078011e-14
-5.478011e+03
-9.207046e+03
-1.059124e+04
-1.015467e+04
-8.779608e+03
-7.152440e+03
-5.640286e+03
-4.378436e+03
-3.380955e+03
-2.613539e+03
-2.030175e+03
-1.588145e+03
-1.252536e+03
-9.964326e+02
-7.996588e+02
-6.472900e+02
-5.283328e+02
-4.346851e+02
-3.603531e+02
-3.008783e+02
-2.529221e+02
-2.139666e+02
-1.820983e+02
-1.558524e+02
-1.340988e+02
-1.159594e+02
-1.007469e+02
