2.552132e+01
2.966915e+01
3.469439e+01
4.082934e+01
4.838126e+01
5.776132e+01
6.952677e+01
8.444322e+01
1.035787e+02
1.284477e+02
1.612382e+02
2.051749e+02
2.651212e+02
3.485999e+02
4.675901e+02
6.418052e+02
9.049419e+02
1.317202e+03
1.991881e+03
3.155865e+03
5.299078e+03
9.582730e+03
1.910213e+04
4.344972e+04
1.185838e+05
3.990700e+05
2.640251e+05
-7.950946e-11
-2.640251e+05
-3.990700e+05
-1.185838e+05
-4.344972e+04
-1.910213e+04
-9.582730e+03
-5.299078e+03
-3.155865e+03
-1.991881e+03
-1.317202e+03
-9.049419e+02
-6.418052e+02
-4.675901e+02
-3.485999e+02
-2.651212e+02
-2.051749e+02
-1.612382e+02
-1.284477e+02
-1.035787e+02
-8.444322e+01
-6.952677e+01
-5.776132e+01
-4.838126e+01
-4.082934e+01
-3.469439e+01
-2.966915e+01
-2.552132e+01
